1 0 0 0 0 1 0 0 0 0 1 0
0.995783 -0.00267392 0.0916979 0.0726999 0.00344844 0.99996 -0.00828907 -0.0389291 -0.091672 0.00857033 0.995752 1.03595
0.990557 -0.00218057 0.137081 0.262 0.00374686 0.999931 -0.011169 -0.071096 -0.137048 0.0115772 0.990497 2.95135
0.983023 -0.00458952 0.183426 0.447195 0.0067532 0.999915 -0.011173 -0.0983844 -0.183359 0.012222 0.98297 3.94131
0.973395 -0.00536796 0.229071 0.67444 0.00841757 0.999888 -0.0123379 -0.127171 -0.228979 0.0139379 0.973332 4.91119
0.961899 -0.00836692 0.273276 0.941147 0.0129678 0.999803 -0.015034 -0.157699 -0.273097 0.018005 0.961818 5.86244
0.948638 -0.0103609 0.316193 1.25813 0.0164897 0.999724 -0.0167136 -0.188412 -0.315933 0.0210691 0.948547 6.80326
0.933184 -0.0103716 0.359249 1.61836 0.017828 0.999689 -0.0174488 -0.221507 -0.358956 0.0226876 0.933079 7.74639
0.915493 -0.0105978 0.402194 2.00455 0.0186645 0.999695 -0.0161432 -0.253427 -0.4019 0.0222857 0.915412 8.60693
0.895443 -0.0103322 0.445056 2.44493 0.0191194 0.999701 -0.0152592 -0.286751 -0.444765 0.0221729 0.895373 9.48711
0.873287 -0.0102625 0.487099 2.9345 0.0195521 0.999711 -0.0139911 -0.320111 -0.486814 0.021742 0.873235 10.3705
0.84962 -0.0109091 0.527283 3.43749 0.0216794 0.999663 -0.0142502 -0.346469 -0.52695 0.0235384 0.84957 11.1698
0.824048 -0.0129182 0.566372 3.9971 0.0252101 0.999586 -0.0138804 -0.377698 -0.565958 0.0257164 0.824033 11.9806
0.797061 -0.0119138 0.603782 4.60062 0.0259063 0.99956 -0.014476 -0.407821 -0.603343 0.02718 0.797018 12.7645
0.768235 -0.0155291 0.63998 5.1905 0.0311801 0.999427 -0.0131777 -0.436761 -0.639408 0.0300782 0.768279 13.4374
0.737733 -0.0144667 0.674937 5.85234 0.0312525 0.99943 -0.0127382 -0.462936 -0.674368 0.0304909 0.737765 14.1602
0.705035 -0.0135121 0.709044 6.54052 0.0325981 0.999379 -0.0133688 -0.497614 -0.708423 0.0325389 0.705038 14.8537
0.671154 -0.0149581 0.741167 7.22998 0.0373955 0.999207 -0.0136972 -0.521966 -0.740374 0.0369092 0.671181 15.4342
0.635952 -0.013152 0.771617 7.97352 0.0372291 0.999213 -0.0136522 -0.552029 -0.77083 0.0374088 0.635941 16.0467
0.599514 -0.0122714 0.80027 8.76537 0.0403185 0.999076 -0.0148842 -0.583318 -0.799348 0.041189 0.599455 16.641
0.562134 -0.010829 0.826975 9.4755 0.0451699 0.998824 -0.0176248 -0.604666 -0.825812 0.0472618 0.561962 17.0685
0.524462 -0.00986053 0.851377 10.3042 0.046788 0.998756 -0.0172547 -0.62914 -0.850147 0.0488836 0.524271 17.5742
0.486968 -0.0119142 0.873339 11.1617 0.0519612 0.998531 -0.0153511 -0.656259 -0.871873 0.0528552 0.486871 18.0506
0.450997 -0.0128083 0.892434 11.9725 0.0562187 0.998319 -0.0140825 -0.68458 -0.890753 0.0565226 0.450959 18.4181
0.416439 -0.0104452 0.909104 12.8693 0.0577812 0.998217 -0.0149991 -0.707906 -0.907326 0.0587753 0.4163 18.8293
0.383734 -0.0111825 0.923376 13.7949 0.0583336 0.998223 -0.0121531 -0.729307 -0.9216 0.0585275 0.383704 19.2089
0.350896 -0.0125401 0.936331 14.6613 0.060639 0.998116 -0.00935725 -0.748329 -0.934449 0.0600615 0.350995 19.5045
0.318503 -0.0124971 0.94784 15.6127 0.0611968 0.998098 -0.0074042 -0.768407 -0.945945 0.060363 0.318662 19.8249
0.286815 -0.00956041 0.957938 16.6005 0.0586768 0.998248 -0.00760565 -0.793337 -0.956187 0.0583902 0.286874 20.118
0.255658 -0.00736982 0.966739 17.5392 0.0583285 0.998267 -0.00781503 -0.798005 -0.965006 0.0583864 0.255645 20.3691
0.225507 -0.00735054 0.974214 18.5401 0.0602442 0.998163 -0.00641386 -0.817348 -0.972377 0.0601371 0.225536 20.6008
0.195099 -0.00769564 0.980753 19.5606 0.0618922 0.998073 -0.00448051 -0.834433 -0.978829 0.0615751 0.195199 20.8014
0.16469 -0.00793858 0.986314 20.5255 0.0605533 0.998163 -0.00207692 -0.841386 -0.984485 0.0600666 0.164868 20.9523
0.135463 -0.00822417 0.990748 21.5824 0.0610999 0.998132 -6.86141e-05 -0.848648 -0.988897 0.0605439 0.135713 21.0972
0.108299 -0.00796778 0.994086 22.6538 0.0639453 0.997953 0.00103238 -0.852829 -0.99206 0.0634553 0.108587 21.2157
0.0830784 -0.00769519 0.996513 23.7412 0.067832 0.997695 0.00204922 -0.861518 -0.994232 0.0674253 0.0834088 21.3075
0.0602061 -0.00731894 0.998159 24.7772 0.0719813 0.997402 0.00297168 -0.863912 -0.995587 0.0716699 0.0605765 21.3474
0.0397936 -0.00774759 0.999178 25.8979 0.0778124 0.996957 0.00463138 -0.871616 -0.996174 0.0775642 0.0402754 21.3903
0.0222467 -0.00833313 0.999718 27.0146 0.0825744 0.996564 0.00646931 -0.872471 -0.996337 0.0824071 0.0228584 21.4083
0.00673007 -0.00847202 0.999941 28.165 0.085752 0.996285 0.0078639 -0.873941 -0.996294 0.0856941 0.00743157 21.4092
-0.00759896 -0.00919757 0.999929 29.3212 0.0881541 0.996058 0.00983189 -0.872544 -0.996078 0.0882226 -0.0067582 21.3965
-0.0209572 -0.0103691 0.999727 30.4864 0.088524 0.996 0.0121862 -0.878765 -0.995854 0.0887551 -0.0199554 21.3793
-0.0333053 -0.0100272 0.999395 31.6336 0.0882195 0.996017 0.0129333 -0.865915 -0.995544 0.0885969 -0.032288 21.3475
-0.0445329 -0.00716058 0.998982 32.8179 0.0883843 0.996025 0.0110794 -0.861537 -0.99509 0.0887878 -0.043723 21.3035
-0.0547957 -0.00372712 0.998491 34.0056 0.0889254 0.996001 0.00859793 -0.859504 -0.99453 0.0892623 -0.0542451 21.2459
-0.0641148 -0.000992438 0.997942 35.2415 0.0896944 0.995946 0.00675305 -0.846629 -0.993904 0.0899428 -0.0637659 21.1567
-0.0715566 0.000144631 0.997437 36.4935 0.0895888 0.995959 0.00628273 -0.839759 -0.993405 0.0898087 -0.0712804 21.0684
-0.0775253 0.000950241 0.99699 37.7682 0.0893434 0.995983 0.00599801 -0.834354 -0.992979 0.0895395 -0.0772988 20.9844
-0.0826196 0.00254407 0.996578 39.0419 0.0903668 0.995896 0.00494938 -0.82936 -0.992476 0.0904665 -0.0825105 20.8594
-0.0872209 0.00430062 0.99618 40.3429 0.0894618 0.995984 0.00353308 -0.828315 -0.992164 0.0894281 -0.0872553 20.7493
-0.091424 0.0051122 0.995799 41.6555 0.0900193 0.995935 0.00315175 -0.829322 -0.991735 0.0899292 -0.0915126 20.6532
-0.0943453 0.0044559 0.99553 42.9754 0.0889953 0.996024 0.00397588 -0.817475 -0.991554 0.0889725 -0.0943668 20.4901
-0.096774 0.00234798 0.995304 44.3294 0.0896632 0.995952 0.0063685 -0.818954 -0.991259 0.0898585 -0.0965928 20.3637
-0.0989078 0.00132628 0.995096 45.71 0.0892073 0.995985 0.00753932 -0.806247 -0.99109 0.0895155 -0.0986289 20.2256
-0.101351 0.00207143 0.994849 47.086 0.0918566 0.995746 0.00728467 -0.812161 -0.990601 0.0921217 -0.10111 20.1009
-0.102116 0.00176758 0.994771 48.5207 0.0922588 0.995705 0.00770141 -0.814263 -0.990485 0.0925628 -0.101841 19.9416
-0.102586 0.00323766 0.994719 49.9692 0.0945862 0.995495 0.00651459 -0.798966 -0.990217 0.094755 -0.102431 19.7857
-0.102729 0.00359123 0.994703 51.4973 0.0931871 0.99563 0.0060294 -0.793917 -0.990335 0.0933129 -0.102615 19.6238
-0.102332 0.0050379 0.994737 52.9777 0.0926972 0.995684 0.00449342 -0.789197 -0.990422 0.0926692 -0.102358 19.4845
-0.101205 0.00498324 0.994853 54.4717 0.0929221 0.995663 0.00446554 -0.785855 -0.990517 0.0928958 -0.101229 19.3424
-0.100243 0.00387477 0.994955 55.9937 0.0916822 0.995774 0.00535917 -0.785099 -0.99073 0.0917569 -0.100175 19.191
-0.0989824 0.00470318 0.995078 57.5506 0.0925866 0.995694 0.00450369 -0.778613 -0.990773 0.0925767 -0.0989917 19.0317
-0.0977018 0.00542483 0.995201 59.1587 0.0927063 0.995687 0.00367378 -0.780656 -0.990888 0.0926204 -0.0977833 18.8602
-0.097056 0.00589833 0.995261 60.6751 0.0934473 0.995619 0.00321235 -0.78003 -0.990882 0.0933163 -0.097182 18.7205
-0.0961215 0.0057718 0.995353 62.2961 0.0935508 0.995609 0.00326094 -0.786091 -0.990964 0.0934295 -0.0962394 18.5742
-0.0952705 0.00407774 0.995443 63.9526 0.0954672 0.99542 0.0050592 -0.78538 -0.990863 0.0955142 -0.0952234 18.4183
-0.0945538 0.00217924 0.995517 65.589 0.0973332 0.995227 0.00706606 -0.785887 -0.99075 0.097565 -0.0943146 18.2522
-0.0938221 0.00313512 0.995584 67.252 0.0985939 0.995109 0.00615768 -0.788845 -0.990695 0.0987362 -0.0936722 18.0941
-0.0931254 0.00496332 0.995642 68.9285 0.100496 0.994928 0.00443996 -0.782841 -0.99057 0.100472 -0.0931518 17.944
-0.092916 0.00450647 0.995664 70.5514 0.0988379 0.995092 0.00471974 -0.796981 -0.990756 0.0988479 -0.0929054 17.8028
-0.0928306 0.00430356 0.995673 72.2617 0.0994584 0.995029 0.00497212 -0.805561 -0.990702 0.0994895 -0.0927972 17.6462
-0.0927527 0.00321729 0.995684 74.0173 0.0993069 0.995039 0.00603571 -0.808845 -0.990725 0.0994381 -0.092612 17.4899
-0.0919691 0.00379922 0.995755 75.7747 0.10131 0.994839 0.00556136 -0.790859 -0.990595 0.101391 -0.0918794 17.3082
-0.0919452 0.0034476 0.995758 77.4926 0.102616 0.994703 0.00603132 -0.7985 -0.990463 0.102736 -0.0918119 17.1599
-0.0919419 0.00443129 0.995755 79.2912 0.103428 0.994624 0.00512361 -0.813268 -0.990378 0.10346 -0.0919059 16.9818
-0.0929688 0.00528164 0.995655 80.9735 0.102181 0.994757 0.00426423 -0.786227 -0.990412 0.102134 -0.093021 16.8559
-0.0938095 0.00603757 0.995572 82.7797 0.101395 0.99484 0.00352104 -0.784578 -0.990413 0.101277 -0.0939377 16.6706
-0.0950039 0.0067068 0.995454 84.6348 0.100136 0.99497 0.00285323 -0.781732 -0.990428 0.0999521 -0.0951976 16.4944
-0.0964417 0.00586259 0.995321 86.5775 0.0994942 0.995031 0.00377962 -0.795651 -0.990353 0.0993932 -0.0965458 16.312
-0.0970901 0.00578938 0.995259 88.4096 0.0998076 0.994999 0.00394863 -0.793449 -0.990259 0.0997178 -0.0971824 16.1271
-0.0974499 0.00458455 0.99523 90.3211 0.097988 0.995175 0.00501038 -0.803922 -0.990405 0.0980089 -0.0974289 15.9302
-0.0995866 0.00554653 0.995013 92.1982 0.0962245 0.995351 0.00408228 -0.801282 -0.990365 0.0961512 -0.0996574 15.7539
-0.102502 0.00634226 0.994713 94.0797 0.0951069 0.995461 0.0034534 -0.806634 -0.990176 0.094958 -0.10264 15.5837
-0.106534 0.00725806 0.994283 96.0142 0.0960467 0.995372 0.00302502 -0.812344 -0.989659 0.0958198 -0.106738 15.3859
-0.111484 0.00654951 0.993745 97.8713 0.092964 0.995662 0.00386712 -0.81775 -0.989408 0.0928136 -0.11161 15.1875
-0.116191 0.00617253 0.993208 99.8055 0.0916308 0.995783 0.00453097 -0.80833 -0.988991 0.0915349 -0.116267 14.9684
-0.121205 0.00692642 0.992603 101.752 0.0900958 0.995925 0.00405182 -0.81835 -0.98853 0.0899205 -0.121335 14.7518
-0.125703 0.00812256 0.992035 103.745 0.0917726 0.995774 0.0034755 -0.834419 -0.987814 0.0914785 -0.125917 14.499
-0.130524 0.00991295 0.991396 105.658 0.0913202 0.995819 0.00206575 -0.838132 -0.987231 0.0908041 -0.130884 14.2599
-0.135316 0.0104301 0.990748 107.632 0.0901143 0.99593 0.0018232 -0.84158 -0.986696 0.0895272 -0.135706 13.9977
-0.140705 0.010137 0.99 109.566 0.0885279 0.996071 0.00238299 -0.856965 -0.986086 0.0879779 -0.14105 13.746
-0.146208 0.00973194 0.989206 111.526 0.0869381 0.996209 0.00304889 -0.861105 -0.985426 0.0864455 -0.1465 13.4711
-0.151851 0.0092832 0.98836 113.552 0.0867391 0.996223 0.00396953 -0.874665 -0.98459 0.0863323 -0.152083 13.1648
-0.157198 0.00895957 0.987526 115.507 0.0866019 0.996232 0.00474706 -0.883104 -0.983763 0.0862679 -0.157382 12.881
-0.162796 0.0104154 0.986605 117.514 0.0872279 0.996181 0.00387664 -0.8968 -0.982796 0.0866906 -0.163083 12.5621
-0.16844 0.0114484 0.985645 119.468 0.0866812 0.996231 0.00324185 -0.90637 -0.981893 0.0859829 -0.168798 12.2255
-0.174455 0.0116294 0.984596 121.573 0.087285 0.996177 0.00369934 -0.9043 -0.980789 0.0865859 -0.174803 11.8922
-0.179723 0.011513 0.98365 123.617 0.0863935 0.996253 0.0041244 -0.914324 -0.979916 0.0857222 -0.180044 11.5141
-0.185346 0.0120446 0.9826 125.645 0.0856614 0.996316 0.00394541 -0.940293 -0.978933 0.0849021 -0.185695 11.1659
-0.190422 0.0130739 0.981615 127.627 0.0850689 0.99637 0.00323202 -0.933005 -0.978009 0.0841203 -0.190843 10.7928
-0.194486 0.0119941 0.980832 129.673 0.0859381 0.996289 0.00485719 -0.940163 -0.977134 0.0852355 -0.194794 10.3861
-0.199007 0.0118839 0.979926 131.729 0.0882357 0.996083 0.00583941 -0.941398 -0.976018 0.0876265 -0.199276 9.98431
-0.202523 0.0123549 0.9792 133.872 0.0894316 0.995975 0.00593011 -0.953962 -0.975185 0.0887723 -0.202813 9.53046
-0.205699 0.0131535 0.978527 135.949 0.090054 0.995921 0.00554318 -0.956963 -0.974463 0.0892605 -0.206044 9.10255
-0.208971 0.0129323 0.977836 138.012 0.0890956 0.996006 0.0058678 -0.965175 -0.973855 0.0883472 -0.209288 8.67057
-0.213207 0.0132998 0.976916 140.106 0.0869687 0.996196 0.00541827 -0.954022 -0.973128 0.0861164 -0.213553 8.234
-0.217768 0.0139379 0.975901 142.271 0.0858083 0.9963 0.00491853 -0.962497 -0.972221 0.0848115 -0.218159 7.75592
-0.221816 0.0139124 0.974989 144.298 0.0850206 0.996366 0.00512529 -0.94575 -0.971375 0.084031 -0.222193 7.27341
-0.226129 0.0139502 0.973997 146.268 0.0849743 0.996368 0.00545759 -0.986409 -0.970384 0.0839989 -0.226493 6.82733
-0.230109 0.0145953 0.973055 148.373 0.0846457 0.996398 0.00507171 -0.988961 -0.969477 0.083532 -0.230516 6.30934
-0.235097 0.014486 0.971864 150.459 0.0837578 0.996471 0.00540849 -0.997681 -0.968356 0.0826727 -0.235481 5.8561
-0.238877 0.0137528 0.970952 152.481 0.0837483 0.996466 0.00648988 -1.00142 -0.967432 0.0828659 -0.239184 5.33911
-0.242972 0.0137375 0.969936 154.566 0.0841879 0.996425 0.00697671 -0.999386 -0.966373 0.0833521 -0.24326 4.82744
-0.247129 0.0142432 0.968878 156.68 0.0848045 0.996373 0.00698346 -1.01444 -0.965264 0.083891 -0.247441 4.30267
-0.2509 0.0153475 0.967891 158.991 0.0862419 0.996253 0.00655874 -1.02866 -0.964164 0.0851184 -0.251284 3.74564
-0.254274 0.0172592 0.966978 161.115 0.0864839 0.996241 0.00496011 -1.02761 -0.963258 0.0848893 -0.254811 3.19314
-0.257739 0.0183549 0.96604 163.276 0.0873586 0.996167 0.00437999 -1.03284 -0.962257 0.0855208 -0.258355 2.63766
-0.261704 0.0189979 0.964961 165.383 0.0863324 0.996259 0.00379977 -1.02733 -0.961279 0.0843018 -0.262365 2.07286
-0.265186 0.0188682 0.964013 167.53 0.0866336 0.996231 0.00433291 -1.04296 -0.960297 0.0846649 -0.265821 1.48555
-0.269074 0.0187751 0.962937 169.702 0.0860205 0.996283 0.00461143 -1.05813 -0.959271 0.0840731 -0.269688 0.884109
-0.272913 0.0196068 0.961839 172.097 0.0888249 0.996035 0.00489937 -1.06961 -0.957929 0.0867724 -0.273572 0.191267
-0.27624 0.0198987 0.960883 174.275 0.0905425 0.995878 0.00540628 -1.06526 -0.956814 0.0884941 -0.276903 -0.42904
-0.278738 0.0193876 0.960171 176.479 0.0910329 0.995828 0.00631927 -1.06344 -0.956043 0.0891686 -0.27934 -1.08273
-0.281575 0.019088 0.959349 178.576 0.0915334 0.995777 0.00705276 -1.08371 -0.955164 0.0897984 -0.282133 -1.67944
-0.284416 0.0196323 0.9585 180.783 0.0906036 0.995866 0.00648717 -1.09032 -0.95441 0.0886886 -0.285019 -2.32415
-0.287301 0.0216877 0.957595 183.006 0.0896211 0.995967 0.00433168 -1.08652 -0.953638 0.0870652 -0.288086 -2.9946
-0.290532 0.0234517 0.956578 185.062 0.089157 0.996014 0.00266028 -1.0938 -0.952702 0.0860585 -0.291465 -3.60078
-0.293904 0.024506 0.955521 187.277 0.0883211 0.996091 0.00161976 -1.1061 -0.951746 0.0848687 -0.29492 -4.24996
-0.297091 0.0254718 0.95451 189.516 0.0871379 0.996196 0.00053738 -1.12013 -0.950865 0.0833336 -0.29818 -4.94478
-0.301058 0.0256801 0.95326 192.23 0.08686 0.99622 0.000594601 -1.12377 -0.949642 0.0829792 -0.30215 -5.74648
-0.304602 0.0246348 0.952161 194.473 0.086325 0.996265 0.00183999 -1.14547 -0.94856 0.0827557 -0.305591 -6.45684
-0.308478 0.0239138 0.950931 196.69 0.0860814 0.996284 0.00287015 -1.15978 -0.947329 0.0827429 -0.30939 -7.15507
-0.31256 0.0236814 0.949603 198.849 0.086715 0.996226 0.00369799 -1.18694 -0.945932 0.0835007 -0.313434 -7.8383
-0.316142 0.0237534 0.948414 201.058 0.0854726 0.996334 0.0035376 -1.19076 -0.944854 0.0821818 -0.317014 -8.5692
-0.320013 0.0244382 0.947098 203.315 0.0845124 0.996418 0.00284486 -1.19689 -0.943636 0.0809519 -0.320932 -9.32094
-0.322764 0.0254053 0.946139 205.654 0.0851012 0.99637 0.00227719 -1.20363 -0.942646 0.0812525 -0.323754 -10.1555
-0.325649 0.0259205 0.945135 207.87 0.0859147 0.9963 0.00227839 -1.21957 -0.941579 0.0819429 -0.326671 -10.9078
-0.328481 0.0255415 0.944165 210.14 0.0869226 0.99621 0.00329151 -1.24132 -0.940502 0.0831505 -0.329457 -11.6716
-0.330758 0.024985 0.943385 212.43 0.088128 0.996099 0.00451724 -1.2628 -0.939592 0.0846327 -0.33167 -12.4837
-0.33335 0.0256643 0.942454 214.688 0.0891468 0.996009 0.00440893 -1.27898 -0.938579 0.0854865 -0.334308 -13.2869
-0.335889 0.0266003 0.941526 216.955 0.0891301 0.996013 0.00365739 -1.28759 -0.937675 0.0851467 -0.336921 -14.0917
-0.338792 0.0265065 0.940488 219.242 0.0878415 0.996128 0.0035685 -1.30466 -0.936752 0.0838228 -0.339809 -14.8975
-0.341558 0.0276453 0.939454 221.487 0.0876535 0.996148 0.00255469 -1.32679 -0.935764 0.083219 -0.342666 -15.7074
-0.344744 0.0287779 0.938256 223.735 0.087594 0.996155 0.00163096 -1.35878 -0.934601 0.0827478 -0.345939 -16.5037
-0.346692 0.0291516 0.937526 225.928 0.0860678 0.996289 0.000848526 -1.36526 -0.934022 0.080985 -0.347914 -17.3214
-0.349827 0.0301078 0.93633 228.154 0.0869001 0.996217 0.000433631 -1.38766 -0.932775 0.0815189 -0.35112 -18.1367
-0.352095 0.0298028 0.93549 230.403 0.0886743 0.996059 0.00164235 -1.3917 -0.931754 0.0835321 -0.35335 -19.0174
-0.355147 0.0285444 0.934375 232.818 0.0886358 0.996059 0.00326077 -1.44373 -0.930599 0.0839771 -0.356277 -19.8863
-0.358296 0.0278145 0.933194 235.107 0.087726 0.996137 0.00399146 -1.48507 -0.929477 0.0832954 -0.359352 -20.7456
-0.361605 0.0282086 0.931905 237.397 0.086352 0.996259 0.00335033 -1.4988 -0.928324 0.0816834 -0.362688 -21.6053
-0.365318 0.027535 0.930475 239.663 0.0841126 0.99645 0.00353646 -1.48679 -0.927075 0.0795566 -0.366337 -22.4947
-0.368865 0.0269596 0.929092 241.933 0.0832802 0.996518 0.00414754 -1.49927 -0.925745 0.0789048 -0.369825 -23.3817
-0.372344 0.0273027 0.927693 244.195 0.0828634 0.996553 0.00392926 -1.51508 -0.924388 0.0783349 -0.373323 -24.2851
-0.376413 0.0273088 0.926049 246.144 0.0827382 0.996562 0.00424255 -1.51299 -0.92275 0.0782166 -0.377379 -25.0851
-0.380143 0.0268597 0.924537 248.37 0.0821019 0.996612 0.00480432 -1.52087 -0.921276 0.0777326 -0.381061 -26.0088
-0.384202 0.0264059 0.922871 250.621 0.0807442 0.996722 0.00509581 -1.55143 -0.919711 0.0764743 -0.385075 -26.9307
-0.388523 0.0280776 0.921011 253.229 0.081541 0.996662 0.00401373 -1.54025 -0.917824 0.0766596 -0.389516 -27.9388
-0.392075 0.028007 0.919507 255.473 0.0818821 0.996632 0.00455811 -1.58583 -0.916282 0.0770783 -0.393047 -28.8961
-0.395702 0.028326 0.917942 257.72 0.0811127 0.996696 0.00420946 -1.54726 -0.91479 0.0761224 -0.396692 -29.8616
-0.399187 0.0283595 0.916431 259.816 0.0802503 0.996766 0.0041106 -1.59548 -0.913351 0.0751848 -0.400172 -30.8063
-0.402933 0.0283343 0.914791 262.021 0.0807903 0.99672 0.00471329 -1.62838 -0.911657 0.0758054 -0.4039 -31.7679
-0.406233 0.0289234 0.913312 264.234 0.0811809 0.996689 0.00454469 -1.63165 -0.910156 0.0759897 -0.407236 -32.7657
-0.41013 0.0304434 0.911519 266.476 0.0827567 0.996562 0.00395204 -1.64058 -0.908264 0.0770552 -0.41124 -33.7047
-0.413482 0.0324806 0.909933 268.705 0.0848773 0.996387 0.00300239 -1.64606 -0.906548 0.0784741 -0.414745 -34.6973
-0.416051 0.033265 0.908732 270.925 0.085579 0.996328 0.0027098 -1.63511 -0.905305 0.0788959 -0.41737 -35.7362
-0.418905 0.0354999 0.907336 272.934 0.0885954 0.996066 0.00193176 -1.67622 -0.903698 0.0811951 -0.420402 -36.6871
-0.42108 0.0378743 0.906232 275.121 0.0908745 0.995862 0.000604548 -1.68459 -0.90246 0.0826079 -0.42278 -37.752
-0.423703 0.0387696 0.904971 277.324 0.0917551 0.995782 0.000299328 -1.67187 -0.901142 0.0831625 -0.425473 -38.8003
-0.428674 0.0394189 0.902599 279.797 0.0914794 0.995807 -4.2919e-05 -1.72341 -0.898816 0.0825508 -0.430483 -39.7968
-0.432098 0.0395645 0.900958 282.077 0.0909351 0.995857 -0.00011946 -1.73819 -0.89723 0.0818771 -0.433906 -40.8509
-0.435984 0.0406541 0.899036 284.377 0.0920402 0.995755 -0.000393168 -1.76773 -0.895235 0.082576 -0.437876 -41.921
-0.438426 0.0404711 0.897856 286.591 0.0898697 0.995953 -0.0010092 -1.77084 -0.894263 0.0802476 -0.440288 -43.1194
-0.441571 0.0399781 0.896335 288.859 0.0876958 0.996147 -0.00122734 -1.79169 -0.89293 0.0780629 -0.443375 -44.2091
-0.44443 0.0405248 0.894896 291.115 0.0892197 0.996012 -0.000794732 -1.81429 -0.891359 0.0794892 -0.446273 -45.3116
-0.446379 0.040698 0.893918 293.154 0.091805 0.995777 0.000507619 -1.83186 -0.890122 0.0822928 -0.44823 -46.3255
-0.44905 0.0405021 0.892588 295.401 0.0923311 0.995728 0.00126848 -1.85043 -0.888723 0.0829832 -0.450871 -47.3929
-0.45102 0.0400933 0.891613 297.704 0.0919115 0.995766 0.00171642 -1.8571 -0.887769 0.0827236 -0.452796 -48.5575
-0.453387 0.0396597 0.890431 300.251 0.0914199 0.99581 0.00219566 -1.85155 -0.886613 0.0823986 -0.455113 -49.8409
-0.455907 0.0399229 0.889132 302.549 0.0934805 0.995616 0.00322846 -1.87274 -0.885105 0.0845883 -0.45764 -50.9821
-0.458414 0.0392772 0.88787 304.801 0.0921088 0.995743 0.00350725 -1.85571 -0.883953 0.0833884 -0.46008 -52.1215
-0.460341 0.0403669 0.886824 307.143 0.0931599 0.995647 0.00303804 -1.89077 -0.88284 0.0840149 -0.462098 -53.3202
-0.462742 0.0424985 0.885474 309.473 0.0920174 0.995757 0.000296027 -1.90301 -0.881704 0.081616 -0.46469 -54.524
-0.466721 0.0421065 0.883402 311.828 0.0909368 0.995856 0.000577363 -1.91752 -0.879717 0.0806032 -0.468616 -55.6869
-0.470282 0.0399972 0.881609 314.197 0.0877971 0.996137 0.00164099 -1.90684 -0.878138 0.0781745 -0.471977 -57.064
-0.4758 0.0376545 0.878747 316.535 0.0853421 0.996346 0.00351501 -1.91206 -0.875404 0.0766666 -0.477274 -58.2623
-0.480856 0.0361967 0.876052 318.906 0.0848543 0.996379 0.00540727 -1.94079 -0.872684 0.0769369 -0.482186 -59.5157
-0.485225 0.0344561 0.87371 321.28 0.0798293 0.996796 0.00502393 -1.90475 -0.870738 0.0721855 -0.486421 -61.0482
-0.489785 0.0355315 0.871119 323.644 0.0809412 0.996707 0.00485501 -1.88151 -0.868078 0.0728873 -0.491048 -62.3467
-0.494238 0.0363775 0.868565 325.969 0.0823859 0.996587 0.00514058 -1.9081 -0.865414 0.0740982 -0.495549 -63.6102
-0.4972 0.0361518 0.866883 328.341 0.0824323 0.99658 0.00571836 -1.91511 -0.863711 0.0743023 -0.49848 -64.9916
-0.501126 0.0343563 0.864692 330.703 0.0825163 0.996556 0.0082262 -1.94369 -0.861431 0.0754735 -0.502235 -66.3667
-0.505243 0.032582 0.862362 333.026 0.0811895 0.996649 0.00991184 -1.95832 -0.859149 0.0750226 -0.506195 -67.7117
-0.508918 0.0315869 0.860235 335.38 0.0779087 0.996915 0.00948539 -1.92477 -0.857282 0.0718471 -0.509809 -69.1353
-0.513248 0.0313159 0.857669 337.727 0.0775834 0.996935 0.0100267 -1.92061 -0.854726 0.071687 -0.514105 -70.5264
-0.517468 0.0313506 0.855128 340.03 0.0792704 0.996788 0.0114253 -1.9406 -0.852023 0.0736985 -0.518291 -71.8872
-0.522504 0.0297827 0.852117 342.438 0.0762658 0.997016 0.0119178 -1.91096 -0.849219 0.0712144 -0.523216 -73.2805
-0.526518 0.0284394 0.849688 344.753 0.0744931 0.99714 0.0127858 -1.92195 -0.846894 0.0700279 -0.52713 -74.6759
-0.52972 0.0274338 0.847729 347.15 0.074206 0.997143 0.0141 -1.9183 -0.84492 0.0703756 -0.530243 -76.1689
-0.533222 0.0237802 0.845641 348.933 0.0677459 0.997595 0.0146641 -1.967 -0.843258 0.0651079 -0.533551 -77.3431
-0.535781 0.0229104 0.844046 351.228 0.0648365 0.997797 0.0140729 -1.95033 -0.841864 0.062265 -0.536086 -78.8124
-0.539003 0.0217737 0.842023 353.582 0.060582 0.998079 0.0129711 -1.93631 -0.840123 0.0580029 -0.539286 -80.289
-0.539955 0.0148411 0.841563 353.158 0.0458719 0.998877 0.0118165 -2.09445 -0.840443 0.0449845 -0.540029 -80.5458
-0.542969 0.0120144 0.839667 355.449 0.0428477 0.998992 0.0134133 -2.09516 -0.838659 0.0432608 -0.542936 -82.0184
-0.545879 0.0108695 0.837794 357.701 0.0426649 0.998979 0.0148383 -2.09454 -0.836777 0.0438443 -0.545785 -83.4842
-0.549802 0.00907008 0.835246 360.148 0.0399367 0.999083 0.0154392 -2.14527 -0.83434 0.0418454 -0.54966 -85.0707
-0.552777 0.00816632 0.833289 362.48 0.0379236 0.999163 0.0153654 -2.12132 -0.832466 0.0400949 -0.552624 -86.5784
-0.555911 0.00377069 0.831233 364.667 0.0343834 0.999238 0.0184621 -2.1107 -0.83053 0.0388439 -0.555617 -88.0645
-0.558896 0.0024983 0.829234 367.105 0.0335526 0.999245 0.0196036 -2.09128 -0.828559 0.0387793 -0.558558 -89.605
-0.562136 0.00167623 0.827043 369.403 0.0320481 0.999291 0.0197575 -2.05917 -0.826424 0.0376116 -0.561791 -91.1263
-0.565071 0.00259164 0.825038 371.655 0.032759 0.999277 0.0192978 -2.01585 -0.824392 0.0379321 -0.564747 -92.6222
-0.567859 0.000641677 0.823126 374.698 0.0308339 0.999314 0.0204927 -2.02149 -0.822548 0.0370172 -0.567489 -94.6389
-0.570947 -6.84888e-05 0.820987 377.031 0.0305613 0.999305 0.0213369 -2.01042 -0.820418 0.0372726 -0.570548 -96.18
-0.573569 -0.00119411 0.819157 379.263 0.0274929 0.999408 0.0207072 -1.95851 -0.818696 0.034398 -0.573196 -97.7488
-0.576771 -0.00480851 0.816892 381.415 0.0169614 0.999697 0.0178602 -1.9456 -0.81673 0.0241568 -0.576514 -99.2682
-0.580029 -0.00151599 0.814595 383.542 0.0096217 0.999916 0.00871197 -1.92538 -0.814539 0.012891 -0.579965 -100.702
-0.582891 0.00885678 0.812502 385.715 0.0201893 0.99979 0.00358554 -1.93032 -0.812299 0.0184938 -0.582947 -102.192
-0.583389 0.00919184 0.812141 388.073 0.0271999 0.999596 0.00822518 -1.92058 -0.811737 0.0268886 -0.583403 -103.947
-0.585638 -8.80762e-05 0.810572 390.409 0.0263739 0.999468 0.0191638 -1.90591 -0.810143 0.032601 -0.585325 -105.631
-0.588715 -0.0106231 0.808271 392.65 0.0204576 0.999398 0.0280357 -1.88664 -0.808082 0.0330403 -0.588143 -107.187
-0.591624 -0.0164967 0.806045 395.435 0.0145279 0.99941 0.0311174 -1.82325 -0.806083 0.03012 -0.591035 -109.284
-0.594417 -0.0169031 0.803979 397.7 0.0133387 0.999434 0.0308744 -1.78513 -0.804046 0.0290763 -0.593856 -110.933
-0.597027 -0.0119105 0.802132 399.931 0.0186833 0.999412 0.0287459 -1.73882 -0.802003 0.0321486 -0.596454 -112.606
-0.598942 -0.00520701 0.800775 402.445 0.0231817 0.999447 0.0238377 -1.64289 -0.800457 0.0328408 -0.59849 -114.494
-0.601265 -0.0024803 0.799046 404.634 0.0240015 0.999488 0.0211631 -1.59134 -0.798689 0.031903 -0.600898 -116.175
-0.604751 -0.00232288 0.796411 407.008 0.0241124 0.999484 0.0212248 -1.55981 -0.79605 0.0320391 -0.604383 -117.832
-0.608103 -0.00326074 0.793852 409.426 0.0248682 0.999423 0.0231546 -1.57154 -0.793469 0.0338221 -0.60767 -119.749
-0.61063 -0.00393814 0.791906 411.675 0.0253431 0.999378 0.0245117 -1.53955 -0.79151 0.035037 -0.610151 -121.471
-0.612667 -0.00374567 0.790332 413.992 0.0260445 0.99935 0.024926 -1.52247 -0.789912 0.0358552 -0.612171 -123.219
-0.615258 -0.00368428 0.788317 415.666 0.0258796 0.999356 0.0248689 -1.45732 -0.787901 0.0357021 -0.614766 -124.445
-0.616653 -0.00300507 0.787229 417.863 0.0268337 0.999331 0.0248341 -1.4386 -0.786777 0.0364383 -0.61616 -126.128
-0.617903 -0.00354617 0.786246 420.037 0.0282356 0.999245 0.026697 -1.37548 -0.785747 0.0386963 -0.617337 -127.84
-0.618702 -0.00430797 0.785614 422.116 0.0300597 0.999123 0.029152 -1.3653 -0.78505 0.0416517 -0.61803 -129.364
-0.620026 -0.00475759 0.784567 424.376 0.0316803 0.999014 0.0310943 -1.30284 -0.783942 0.0441346 -0.619264 -131.1
-0.621218 -0.00449754 0.783625 426.552 0.0302677 0.9991 0.0297289 -1.24676 -0.783053 0.0421867 -0.620522 -132.815
-0.62227 -0.00411645 0.782792 428.289 0.0263438 0.99931 0.0261967 -1.22309 -0.782359 0.0369231 -0.621732 -134.259
-0.623634 -0.00476459 0.781702 430.555 0.0231968 0.999428 0.0245978 -1.19765 -0.781372 0.033473 -0.623167 -135.992
-0.624824 -0.00540945 0.780747 432.682 0.0227976 0.999423 0.0251692 -1.16621 -0.780433 0.0335255 -0.62434 -137.689
-0.626336 -0.00630024 0.779527 434.808 0.0208402 0.999475 0.0248226 -1.10777 -0.779274 0.0317928 -0.625876 -139.349
-0.627377 -0.00712728 0.778683 436.973 0.018122 0.999554 0.0237497 -1.06776 -0.778505 0.0290113 -0.626968 -141.071
-0.628308 -0.00758435 0.777927 439.146 0.0170812 0.999577 0.0235413 -1.02153 -0.777777 0.0280792 -0.627913 -142.804
-0.628723 -0.00962943 0.77757 440.709 0.0174534 0.999497 0.0264901 -1.03965 -0.777433 0.0302262 -0.628239 -144.068
-0.62865 -0.010919 0.777612 442.789 0.0200052 0.999343 0.0302053 -1.0031 -0.777431 0.0345448 -0.628018 -145.75
-0.628056 -0.0123536 0.77807 444.893 0.0247644 0.99905 0.0358519 -0.939077 -0.777774 0.0417854 -0.627154 -147.394
-0.626726 -0.0138448 0.779117 446.843 0.0280957 0.998791 0.0403487 -0.876639 -0.778733 0.0471774 -0.625579 -149.053
-0.625013 -0.0163284 0.780443 449.01 0.0215375 0.99904 0.03815 -0.809381 -0.780317 0.040653 -0.624061 -150.765
-0.624107 -0.0165615 0.781163 451.156 0.0142906 0.999366 0.032605 -0.738504 -0.781208 0.0315123 -0.623475 -152.447
-0.622902 -0.0184254 0.782083 453.269 0.0100303 0.999452 0.0315353 -0.692193 -0.782235 0.027488 -0.622376 -154.143
-0.620363 -0.0182595 0.784103 455.487 0.00839102 0.999517 0.0299147 -0.632306 -0.78427 0.0251374 -0.61991 -155.847
-0.617733 -0.0177162 0.786188 457.661 0.0105438 0.99947 0.0308069 -0.58004 -0.786317 0.0273199 -0.617219 -157.506
-0.613795 -0.017618 0.789269 459.743 0.0112936 0.999453 0.0310925 -0.499123 -0.789385 0.0279981 -0.61326 -159.174
-0.611604 -0.0166332 0.790989 461.916 0.00892717 0.99957 0.0279219 -0.459562 -0.791114 0.0241385 -0.611192 -160.809
-0.609994 -0.0214605 0.792115 464.106 0.00198893 0.999589 0.0286132 -0.392176 -0.792403 0.0190293 -0.609701 -162.447
-0.608562 -0.0273202 0.793036 466.174 -0.00655421 0.999546 0.0294049 -0.351025 -0.793479 0.012697 -0.608465 -164.057
-0.6079 -0.0304932 0.793428 468.309 -0.0138573 0.999518 0.0277967 -0.295574 -0.793892 0.00590286 -0.60803 -165.715
-0.607093 -0.0302917 0.794053 470.411 -0.0147371 0.99953 0.026863 -0.193133 -0.794494 0.00460634 -0.607255 -167.254
-0.60829 -0.0310779 0.793106 472.169 -0.0131277 0.99949 0.0290965 -0.262615 -0.793606 0.00728749 -0.608388 -168.581
-0.606955 -0.0318154 0.794099 474.263 -0.0110317 0.999439 0.0316104 -0.220694 -0.794659 0.0104259 -0.606966 -170.179
-0.605618 -0.0338929 0.795033 476.35 -0.0126096 0.999376 0.0329988 -0.092459 -0.795656 0.00995967 -0.605667 -171.804
-0.603847 -0.0344491 0.796356 478.525 -0.0152556 0.999382 0.031664 -0.105083 -0.796955 0.00697132 -0.603999 -173.412
-0.602955 -0.0330386 0.797091 480.62 -0.0157135 0.99944 0.0295394 -0.0364891 -0.79762 0.00528587 -0.603137 -175.024
-0.602 -0.0317085 0.797866 482.802 -0.0148716 0.999483 0.0285003 0.00493045 -0.798358 0.00529157 -0.60216 -176.655
-0.600804 -0.0310772 0.798792 484.924 -0.0130454 0.999492 0.0290736 0.0588884 -0.79929 0.00704697 -0.600904 -178.269
-0.59966 -0.0314089 0.799638 487.128 -0.0114976 0.999464 0.0306357 0.101404 -0.800172 0.00917712 -0.5997 -179.87
-0.598801 -0.0313756 0.800283 489.34 -0.0112497 0.999463 0.0307672 0.164983 -0.800819 0.00942045 -0.598832 -181.477
-0.596555 -0.03235 0.80192 491.226 -0.0122503 0.999438 0.031205 0.215593 -0.802479 0.00879178 -0.596616 -182.949
-0.595741 -0.033425 0.802481 493.408 -0.0123474 0.999397 0.0324606 0.282793 -0.803082 0.00942952 -0.595794 -184.542
-0.594862 -0.0343061 0.803095 495.499 -0.0127669 0.999366 0.0332337 0.334787 -0.803726 0.00951648 -0.594923 -186.223
-0.59334 -0.0331759 0.804268 497.694 -0.0130322 0.999415 0.0316113 0.368322 -0.804847 0.00827482 -0.593425 -187.745
-0.592774 -0.0319949 0.804733 499.851 -0.012927 0.99946 0.0302147 0.470548 -0.805265 0.0075077 -0.592867 -189.398
-0.592013 -0.0322558 0.805283 501.92 -0.012367 0.999445 0.0309413 0.536537 -0.805834 0.00835873 -0.592083 -190.97
-0.591734 -0.0339867 0.805416 504.161 -0.0133596 0.999387 0.0323566 0.573774 -0.806023 0.00838647 -0.591825 -192.327
-0.59124 -0.0351456 0.805729 506.247 -0.0145761 0.999353 0.0328955 0.610974 -0.806364 0.00770471 -0.59137 -193.908
-0.59141 -0.0355891 0.805586 508.428 -0.01529 0.999341 0.0329239 0.710137 -0.806226 0.00715414 -0.591564 -195.475
-0.591002 -0.0350807 0.805907 510.35 -0.0147987 0.999357 0.032649 0.713675 -0.806534 0.00736931 -0.591142 -197.047
-0.59115 -0.0343063 0.805832 512.527 -0.013854 0.99938 0.032383 0.786909 -0.806443 0.00797917 -0.591258 -198.635
-0.591196 -0.0358186 0.805732 514.708 -0.0143585 0.999322 0.0338893 0.856666 -0.8064 0.00846605 -0.591309 -200.23
-0.590721 -0.0374026 0.806009 517.026 -0.0149147 0.999261 0.0354395 0.901968 -0.806738 0.00891351 -0.590842 -201.863
-0.590937 -0.0378248 0.80583 519.226 -0.0155917 0.999249 0.0354699 0.984369 -0.806567 0.00839627 -0.591083 -203.434
-0.590845 -0.0381713 0.805882 521.364 -0.0166077 0.999244 0.0351539 1.05878 -0.806614 0.00738669 -0.591032 -204.971
-0.591046 -0.0372192 0.805779 523.411 -0.0159105 0.999279 0.0344866 1.05576 -0.806481 0.00756285 -0.591212 -206.617
-0.590793 -0.0368816 0.80598 525.573 -0.0152218 0.999286 0.0345695 1.11238 -0.80668 0.00815497 -0.590933 -208.181
-0.590474 -0.0370848 0.806204 527.715 -0.0152089 0.999278 0.0348269 1.16873 -0.806913 0.00830294 -0.590612 -209.742
-0.590298 -0.0367734 0.806347 530.27 -0.0152801 0.999292 0.0343866 1.22511 -0.807041 0.00797727 -0.590442 -211.49
-0.590088 -0.0368171 0.806499 532.435 -0.016099 0.999298 0.0338394 1.27954 -0.807179 0.00698442 -0.590266 -213.076
-0.589847 -0.0373857 0.806649 534.629 -0.0161814 0.999274 0.034481 1.34608 -0.807353 0.00728582 -0.590024 -214.671
-0.590602 -0.0382255 0.806057 536.656 -0.0159 0.999235 0.0357366 1.43367 -0.806806 0.00828984 -0.590758 -216.122
-0.590155 -0.039474 0.806324 538.851 -0.0161502 0.999181 0.037095 1.51072 -0.807129 0.00886943 -0.590309 -217.752
-0.589834 -0.0385865 0.806602 541.01 -0.0155994 0.999216 0.0363936 1.58424 -0.807374 0.00888367 -0.589974 -219.347
-0.593004 -0.038018 0.804302 542.857 -0.0149853 0.999233 0.0361836 1.65737 -0.80506 0.00940435 -0.593119 -220.613
-0.592857 -0.0381979 0.804401 544.973 -0.0144247 0.999218 0.0368177 1.72384 -0.805178 0.0102244 -0.592944 -222.154
-0.592912 -0.0390806 0.804319 547.146 -0.0152213 0.999187 0.0373284 1.82877 -0.805124 0.00988967 -0.593025 -223.686
-0.593651 -0.0395618 0.80375 548.619 -0.0159666 0.999173 0.0373879 1.83746 -0.804564 0.00936221 -0.593792 -224.813
-0.593969 -0.0392094 0.803532 550.735 -0.0162013 0.999192 0.0367809 1.92132 -0.804325 0.00882842 -0.594124 -226.313
-0.594275 -0.0402821 0.803253 552.877 -0.0167956 0.999149 0.0376801 2.05202 -0.804087 0.0089012 -0.594445 -227.855
-0.594564 -0.0422799 0.802936 554.559 -0.0167125 0.999051 0.0402312 2.00114 -0.803875 0.010501 -0.594706 -229.289
-0.594955 -0.0436199 0.802575 556.591 -0.0178852 0.998998 0.041037 2.04896 -0.80356 0.0100609 -0.595138 -230.846
-0.595195 -0.0420658 0.802479 558.655 -0.0184954 0.999081 0.0386537 2.15512 -0.803368 0.00816431 -0.595427 -232.379
-0.595329 -0.0399681 0.802488 561.464 -0.0187726 0.999181 0.035838 2.25129 -0.803263 0.00627058 -0.595591 -234.183
-0.595492 -0.0395128 0.802389 563.642 -0.0182943 0.999198 0.0356274 2.28607 -0.803153 0.00653666 -0.595737 -235.768
-0.595711 -0.041528 0.802124 565.784 -0.0177854 0.9991 0.0385173 2.34924 -0.803002 0.00867909 -0.595914 -237.323
-0.594377 -0.0423548 0.80307 568.851 -0.0168078 0.999048 0.0402509 2.40967 -0.804011 0.0104264 -0.594523 -239.478
-0.594473 -0.0418767 0.803025 571.017 -0.0163175 0.999066 0.0400203 2.49445 -0.80395 0.0106876 -0.5946 -241.043
-0.594761 -0.0407856 0.802867 573.193 -0.0159902 0.999115 0.0389095 2.62651 -0.803743 0.0103039 -0.594887 -242.553
-0.593247 -0.040122 0.80402 575.427 -0.015352 0.999139 0.0385313 2.66247 -0.804874 0.0105153 -0.593352 -244.303
-0.593236 -0.0400324 0.804033 577.615 -0.0145745 0.999133 0.0389928 2.76551 -0.804897 0.0114135 -0.593305 -245.856
-0.593122 -0.0406608 0.804085 579.809 -0.013725 0.999089 0.0403977 2.82892 -0.804996 0.0129247 -0.59314 -247.448
-0.592288 -0.0416965 0.804646 582.268 -0.0139688 0.999041 0.0414878 2.89108 -0.805605 0.0133328 -0.592303 -249.376
-0.592221 -0.0414268 0.80471 584.449 -0.0138543 0.999053 0.0412357 2.97435 -0.805656 0.013272 -0.592235 -250.931
-0.591835 -0.0412194 0.805005 586.646 -0.0130109 0.99905 0.0415898 3.05591 -0.805954 0.0141404 -0.591809 -252.533
-0.591519 -0.0418173 0.805206 588.924 -0.0123464 0.999007 0.0428122 3.11206 -0.806197 0.0153828 -0.591448 -254.227
-0.591186 -0.0434175 0.805366 591.145 -0.0141608 0.998955 0.043459 3.21039 -0.806411 0.0142877 -0.591183 -255.798
-0.591044 -0.0445864 0.805406 593.312 -0.0152905 0.998911 0.0440778 3.33654 -0.806494 0.0137369 -0.591083 -257.309
-0.590935 -0.0440412 0.805516 595.626 -0.0158933 0.99895 0.0429577 3.39539 -0.806562 0.0125829 -0.591015 -258.997
-0.590356 -0.0424399 0.806026 597.83 -0.0141999 0.999008 0.0422006 3.49319 -0.807018 0.0134679 -0.590373 -260.632
-0.589611 -0.0412204 0.806635 600.027 -0.0123948 0.999041 0.0419927 3.6064 -0.807592 0.0147613 -0.589556 -262.159
-0.5888 -0.0421324 0.80718 601.799 -0.0127674 0.999001 0.0428316 3.59965 -0.808178 0.0149137 -0.58875 -263.559
-0.587902 -0.0430408 0.807786 604.07 -0.0122777 0.998943 0.0442905 3.66777 -0.808839 0.0161208 -0.587809 -265.246
-0.587718 -0.0421467 0.807967 606.368 -0.0119336 0.998985 0.0434304 3.75999 -0.808978 0.0158828 -0.587625 -266.688
-0.587637 -0.0423896 0.808013 608.701 -0.0133508 0.998999 0.0426995 3.89516 -0.809014 0.0143041 -0.587615 -268.641
-0.58701 -0.0423849 0.80847 610.909 -0.0135318 0.999003 0.0425487 3.98858 -0.809467 0.0140365 -0.586998 -270.225
-0.586471 -0.0433755 0.808808 613.115 -0.0143227 0.998964 0.0431879 4.08044 -0.809844 0.0137441 -0.586484 -271.793
-0.585439 -0.0438464 0.80953 615.294 -0.0148376 0.998949 0.0433756 4.1308 -0.81058 0.0133823 -0.585474 -273.392
-0.585112 -0.0450282 0.809702 617.47 -0.0162303 0.998908 0.0438217 4.21286 -0.81079 0.0124989 -0.585203 -274.94
-0.584684 -0.0454767 0.809985 619.671 -0.0176662 0.998905 0.0433313 4.32157 -0.811069 0.0110257 -0.584847 -276.519
-0.584825 -0.0448851 0.809917 621.395 -0.0183313 0.998944 0.0421242 4.3619 -0.810952 0.00978843 -0.58503 -277.688
-0.585128 -0.0447884 0.809703 623.661 -0.0176564 0.998941 0.0424967 4.4769 -0.810749 0.0105696 -0.585299 -279.254
-0.584882 -0.0463778 0.809792 625.778 -0.0178734 0.998859 0.0442966 4.4648 -0.810922 0.0114345 -0.585043 -280.911
-0.585998 -0.0476964 0.808907 627.872 -0.0190917 0.998802 0.0450627 4.6521 -0.810087 0.0109633 -0.586207 -282.271
-0.586281 -0.0470974 0.808738 630.023 -0.0195363 0.99884 0.0440057 4.70284 -0.809872 0.01 -0.586521 -283.823
-0.586511 -0.0451031 0.808685 632.204 -0.0190273 0.99894 0.0419144 4.79139 -0.809718 0.00919611 -0.586747 -285.406
-0.586013 -0.0436546 0.809125 634.269 -0.0182603 0.999006 0.040674 4.85618 -0.810096 0.00906057 -0.586227 -286.866
-0.585935 -0.0436343 0.809183 636.461 -0.0178844 0.999002 0.04092 4.93945 -0.810161 0.00950474 -0.586131 -288.459
-0.586118 -0.0445304 0.809001 638.632 -0.01798 0.998958 0.0419598 5.04243 -0.810026 0.0100475 -0.586308 -290.011
-0.585805 -0.0451184 0.809195 640.989 -0.0173839 0.998919 0.043112 5.11934 -0.810266 0.0111882 -0.585956 -291.774
-0.58578 -0.045653 0.809183 643.148 -0.0175779 0.998893 0.0436313 5.20016 -0.810279 0.0113346 -0.585934 -293.298
-0.585587 -0.04523 0.809347 645.303 -0.0174907 0.998915 0.0431689 5.27883 -0.810421 0.0111231 -0.585743 -294.834
-0.584899 -0.0446654 0.809876 647.547 -0.0177491 0.998948 0.0422745 5.37841 -0.810912 0.0103517 -0.585076 -296.447
-0.584696 -0.0448411 0.810012 649.73 -0.0173422 0.998934 0.0427814 5.42981 -0.811067 0.0109667 -0.584851 -298.037
-0.584326 -0.0451098 0.810264 651.887 -0.0170311 0.998916 0.0433305 5.49694 -0.81134 0.0115194 -0.584461 -299.611
-0.583604 -0.0456454 0.810754 654.067 -0.0174398 0.998893 0.043684 5.60487 -0.811851 0.0113548 -0.583754 -301.084
-0.583339 -0.0460837 0.81092 656.23 -0.0184381 0.998883 0.0435019 5.72108 -0.81202 0.0104245 -0.583537 -302.558
-0.583099 -0.0450798 0.81115 658.427 -0.0186323 0.998939 0.0421223 5.78942 -0.812188 0.00944788 -0.58332 -304.151
-0.583437 -0.0456818 0.810873 660.489 -0.0186064 0.998907 0.0428874 5.86844 -0.811945 0.00993466 -0.583649 -305.5
-0.582767 -0.0458794 0.811343 662.658 -0.0176578 0.998884 0.0438012 5.92636 -0.812447 0.0111994 -0.582927 -307.151
-0.582237 -0.0461108 0.811711 664.857 -0.0175413 0.99887 0.0441604 5.99882 -0.81283 0.0114734 -0.582388 -308.769
-0.58151 -0.044816 0.812304 667.26 -0.0173596 0.998938 0.0426855 6.158 -0.813354 0.0107208 -0.58167 -310.549
-0.581169 -0.0433055 0.81263 669.371 -0.0164203 0.999004 0.0414942 6.21924 -0.813617 0.0107715 -0.581301 -312.045
-0.58059 -0.0432757 0.813045 671.538 -0.015908 0.998999 0.0418136 6.31306 -0.814041 0.0113426 -0.580697 -313.669
-0.579886 -0.044013 0.813508 673.709 -0.0149721 0.998947 0.0433733 6.35231 -0.81456 0.0129716 -0.579934 -315.079
-0.579308 -0.0443442 0.813901 675.89 -0.0147661 0.998926 0.0439149 6.44442 -0.814975 0.0134221 -0.579341 -316.642
