1 0 0 0 0 1 0 0 0 0 1 0
0.995783 -0.00267392 0.0916979 0.0726999 0.00344844 0.99996 -0.00828907 -0.0389291 -0.091672 0.00857033 0.995752 1.03595
0.990556 -0.0021779 0.13709 0.26344 0.00374815 0.99993 -0.0111971 -0.0701305 -0.137056 0.0116052 0.990495 2.95631
0.983019 -0.00458659 0.183447 0.448592 0.00675033 0.999915 -0.0111722 -0.097354 -0.18338 0.0122208 0.982966 3.94746
0.973397 -0.00539606 0.229062 0.677014 0.00845042 0.999888 -0.0123554 -0.125854 -0.228969 0.0139624 0.973334 4.91756
0.9619 -0.00823433 0.273278 0.943002 0.0128437 0.999804 -0.0150823 -0.156023 -0.2731 0.0180175 0.961817 5.86744
0.948616 -0.0101879 0.316266 1.26038 0.0163415 0.999725 -0.0168108 -0.186305 -0.316008 0.0211152 0.948522 6.81066
0.93314 -0.0101193 0.359371 1.61646 0.0176089 0.999691 -0.0175735 -0.217577 -0.359082 0.0227267 0.933029 7.75134
0.915517 -0.0107018 0.402138 1.99823 0.0187753 0.999693 -0.0161403 -0.25173 -0.401842 0.0223269 0.915437 8.57712
0.895438 -0.0102813 0.445067 2.43744 0.0190721 0.999701 -0.0152779 -0.284289 -0.444777 0.0221688 0.895367 9.46581
0.873282 -0.0103543 0.487106 2.9182 0.0196912 0.999707 -0.0140517 -0.316948 -0.486818 0.0218628 0.87323 10.3379
0.849597 -0.010986 0.527318 3.42872 0.0217716 0.999661 -0.0142509 -0.344578 -0.526983 0.0235881 0.849548 11.1239
0.823979 -0.0128676 0.566474 3.99145 0.0251414 0.999588 -0.0138642 -0.375634 -0.566062 0.0256658 0.823963 11.9375
0.796948 -0.0117724 0.603933 4.59295 0.0257906 0.999561 -0.0145488 -0.403183 -0.603497 0.0271704 0.796902 12.7285
0.768253 -0.0154343 0.63996 5.19429 0.0310753 0.99943 -0.0132011 -0.429136 -0.639392 0.0300287 0.768295 13.414
0.737754 -0.0145461 0.674913 5.85865 0.0313305 0.999428 -0.0127075 -0.457089 -0.674342 0.0305203 0.737788 14.1375
0.705119 -0.0135386 0.708959 6.54746 0.0326338 0.999378 -0.0133725 -0.493054 -0.708337 0.0325653 0.705123 14.826
0.671181 -0.0148567 0.741145 7.19993 0.0372382 0.999213 -0.0136932 -0.517075 -0.740358 0.0367895 0.671206 15.3647
0.636016 -0.013041 0.771566 7.94052 0.0370382 0.999221 -0.0136424 -0.546787 -0.770786 0.0372542 0.636004 15.9746
0.599635 -0.0121635 0.800181 8.73756 0.0402237 0.999079 -0.0149557 -0.576511 -0.799262 0.0411542 0.599572 16.5694
0.56215 -0.010704 0.826966 9.44891 0.0449066 0.998836 -0.0175977 -0.60223 -0.825815 0.0470287 0.561977 17.0065
0.524492 -0.00981268 0.851359 10.2797 0.0465641 0.998768 -0.0171748 -0.628641 -0.850141 0.0486508 0.524303 17.5125
0.486995 -0.0118213 0.873325 11.1437 0.0516507 0.998548 -0.0152858 -0.657336 -0.871876 0.0525519 0.486899 17.9933
0.450867 -0.012455 0.892504 11.9517 0.0557225 0.998345 -0.0142174 -0.680198 -0.89085 0.0561427 0.450815 18.369
0.416332 -0.0101079 0.909157 12.8476 0.0572572 0.998245 -0.0151215 -0.705611 -0.907408 0.0583514 0.41618 18.779
0.383699 -0.010912 0.923394 13.7694 0.0578627 0.998249 -0.0122471 -0.730469 -0.921644 0.0581292 0.383659 19.1532
0.350855 -0.0123036 0.936349 14.6289 0.060106 0.998148 -0.00940642 -0.745912 -0.934499 0.0595805 0.350945 19.4407
0.318524 -0.0122544 0.947836 15.5828 0.0607192 0.998127 -0.00750027 -0.766483 -0.945968 0.0599409 0.318671 19.7586
0.286763 -0.00922221 0.957957 16.5619 0.0580556 0.998283 -0.00776841 -0.788597 -0.956241 0.0578424 0.286806 20.0524
0.255622 -0.00718791 0.96675 17.4713 0.0577924 0.998298 -0.00785861 -0.798603 -0.965048 0.0578797 0.255602 20.2974
0.225504 -0.00714036 0.974216 18.4712 0.0597696 0.998191 -0.00651894 -0.817479 -0.972407 0.0596986 0.225523 20.5288
0.195014 -0.00747225 0.980772 19.4904 0.0614823 0.998097 -0.00462072 -0.835324 -0.978872 0.0612013 0.195102 20.733
0.164769 -0.00775818 0.986302 20.4535 0.06006 0.998192 -0.00218176 -0.840602 -0.984502 0.0595968 0.164937 20.8765
0.135504 -0.00803363 0.990744 21.5087 0.0605018 0.998168 -0.000181 -0.848079 -0.988928 0.0599663 0.135742 21.0217
0.108392 -0.00780704 0.994078 22.5729 0.0634244 0.997986 0.000922047 -0.854073 -0.992083 0.0629489 0.108669 21.1381
0.0832983 -0.00759788 0.996496 23.6644 0.0675028 0.997717 0.00196455 -0.86413 -0.994236 0.0671026 0.083621 21.2203
0.0603228 -0.00717425 0.998153 24.7795 0.0715763 0.997431 0.00284339 -0.868423 -0.995609 0.0712726 0.0606814 21.2943
0.0399678 -0.0075703 0.999172 25.9013 0.0774272 0.996988 0.00445659 -0.87597 -0.996197 0.077185 0.0404336 21.3325
0.0222676 -0.00818185 0.999719 27.0173 0.0821759 0.996598 0.00632593 -0.873208 -0.996369 0.0820119 0.0228642 21.3562
0.00677888 -0.00828508 0.999943 28.1627 0.0852934 0.996326 0.00767689 -0.875237 -0.996333 0.0852364 0.00746064 21.3567
-0.00758885 -0.00903466 0.99993 29.3196 0.0877197 0.996098 0.00966577 -0.875197 -0.996116 0.087787 -0.00676672 21.3453
-0.0209596 -0.0101785 0.999729 30.4852 0.0879611 0.996052 0.0119852 -0.880912 -0.995903 0.0881884 -0.0199815 21.3288
-0.0333407 -0.00981001 0.999396 31.6067 0.0874741 0.996086 0.0126957 -0.867835 -0.995609 0.0878445 -0.032352 21.2896
-0.0445245 -0.00692995 0.998984 32.7894 0.0876689 0.996091 0.0108173 -0.862829 -0.995154 0.0880615 -0.0437429 21.2456
-0.0545859 -0.00351561 0.998503 33.9901 0.0882636 0.996062 0.00833219 -0.862693 -0.9946 0.0885863 -0.0540607 21.1808
-0.0640052 -0.000835969 0.997949 35.2068 0.0891188 0.995999 0.00655012 -0.851282 -0.993962 0.0893553 -0.0636746 21.0918
-0.0714933 0.000368416 0.997441 36.4503 0.0889216 0.996021 0.00600572 -0.842476 -0.993469 0.0891235 -0.0712416 21.0101
-0.077375 0.00109568 0.997001 37.7285 0.0887366 0.996038 0.00579202 -0.839636 -0.993045 0.0889187 -0.0771656 20.9198
-0.0826586 0.00267549 0.996574 38.9432 0.0892663 0.995997 0.00473005 -0.833269 -0.992572 0.0893515 -0.0825665 20.7904
-0.0873269 0.004402 0.99617 40.2345 0.088408 0.996079 0.00334848 -0.833937 -0.992249 0.0883618 -0.0873736 20.6863
-0.0914086 0.00532639 0.995799 41.5534 0.0890194 0.996026 0.00284387 -0.831024 -0.991827 0.0889054 -0.0915195 20.5784
-0.0944981 0.00448414 0.995515 42.8333 0.0882869 0.996087 0.00389381 -0.825516 -0.991603 0.0882588 -0.0945243 20.4392
-0.0968514 0.00242576 0.995296 44.1927 0.0890588 0.996007 0.00623873 -0.825681 -0.991306 0.089244 -0.0966807 20.3111
-0.0990374 0.00138332 0.995083 45.5753 0.088792 0.996022 0.00745255 -0.817094 -0.991114 0.0890934 -0.0987663 20.1744
-0.101412 0.00218579 0.994842 46.9754 0.0916141 0.995769 0.00715108 -0.813364 -0.990617 0.0918668 -0.101183 20.0498
-0.102304 0.00196605 0.994751 48.3987 0.0915875 0.995769 0.00745119 -0.808674 -0.990528 0.0918691 -0.102052 19.9018
-0.102702 0.00338386 0.994706 49.8637 0.0937963 0.995571 0.00629757 -0.798346 -0.99028 0.0939465 -0.102565 19.7379
-0.102861 0.00366702 0.994689 51.4317 0.0928709 0.99566 0.00593318 -0.796823 -0.990351 0.092988 -0.102755 19.5824
-0.102326 0.0051301 0.994738 52.9159 0.0923081 0.995721 0.00436034 -0.792408 -0.990459 0.0922686 -0.102362 19.434
-0.101149 0.00490088 0.994859 54.419 0.0928282 0.995672 0.00453312 -0.796331 -0.990531 0.0928095 -0.101166 19.2832
-0.100124 0.00390352 0.994967 55.8811 0.0915468 0.995787 0.00530569 -0.792852 -0.990754 0.0916173 -0.10006 19.1364
-0.099028 0.00468013 0.995074 57.4177 0.092261 0.995725 0.00449846 -0.78598 -0.990798 0.092252 -0.0990364 18.9903
-0.0977848 0.00533415 0.995193 59.0311 0.0924274 0.995712 0.00374471 -0.792179 -0.990906 0.0923493 -0.0978585 18.8242
-0.0968228 0.00608831 0.995283 60.6532 0.0930877 0.995653 0.00296516 -0.780239 -0.990939 0.0929357 -0.0969687 18.646
-0.095853 0.00591651 0.995378 62.2595 0.0930756 0.995654 0.00304486 -0.788064 -0.991034 0.0929373 -0.0959871 18.5006
-0.0949476 0.00420627 0.995473 63.907 0.094805 0.995484 0.00483613 -0.786795 -0.990958 0.0948351 -0.0949176 18.3426
-0.0945897 0.00238022 0.995513 65.5718 0.0964996 0.99531 0.00678928 -0.785764 -0.990828 0.0967089 -0.0943758 18.1864
-0.0937798 0.00334599 0.995587 67.231 0.097886 0.99518 0.0058758 -0.789289 -0.990769 0.0980051 -0.0936553 18.0282
-0.09308 0.0051793 0.995645 68.8904 0.0996908 0.99501 0.00414381 -0.784473 -0.990655 0.0996424 -0.0931318 17.8788
-0.0926466 0.00475258 0.995688 70.5354 0.0992174 0.995056 0.00448241 -0.790903 -0.990743 0.0992049 -0.0926601 17.7393
-0.0925424 0.00454606 0.995698 72.2533 0.0998712 0.994989 0.00473943 -0.799563 -0.990687 0.0998802 -0.0925327 17.5857
-0.0924885 0.00351649 0.995708 74.003 0.0999593 0.994975 0.00577104 -0.80139 -0.990684 0.100064 -0.0923752 17.4333
-0.0919612 0.00393363 0.995755 75.7481 0.100962 0.994876 0.00539403 -0.791139 -0.990631 0.10103 -0.0918871 17.2455
-0.0919491 0.0035248 0.995757 77.4699 0.102172 0.994749 0.0059134 -0.799873 -0.990508 0.102282 -0.0918265 17.0972
-0.0918758 0.00457913 0.99576 79.2679 0.102768 0.994693 0.00490784 -0.805396 -0.990453 0.102783 -0.0918588 16.9142
-0.0930827 0.00556166 0.995643 80.9179 0.102186 0.994757 0.00399664 -0.787647 -0.990401 0.102113 -0.093163 16.8052
-0.0938277 0.00636181 0.995568 82.7151 0.101442 0.994836 0.00320335 -0.789322 -0.990407 0.101293 -0.0939886 16.6213
-0.0948572 0.0069295 0.995467 84.5278 0.100793 0.994904 0.00267892 -0.793688 -0.990375 0.10059 -0.0950722 16.4446
-0.0964735 0.00595755 0.995318 86.5002 0.0992888 0.995052 0.00366785 -0.812346 -0.990371 0.0991778 -0.0965877 16.2595
-0.0972913 0.00582791 0.995239 88.3242 0.0995367 0.995026 0.00390372 -0.812591 -0.990266 0.0994426 -0.0973874 16.0804
-0.0974028 0.00465843 0.995234 90.2242 0.0975722 0.995216 0.00489096 -0.826003 -0.990451 0.0975836 -0.0973914 15.8743
-0.0994921 0.00571024 0.995022 92.1325 0.0963859 0.995336 0.00392556 -0.818058 -0.990359 0.0962966 -0.0995785 15.7023
-0.102463 0.00659125 0.994715 94.0117 0.0952079 0.995452 0.00321098 -0.821265 -0.99017 0.0950337 -0.102625 15.5361
-0.106518 0.0074654 0.994283 95.9354 0.0958026 0.995396 0.00278959 -0.827294 -0.989685 0.0955521 -0.106743 15.3364
-0.111474 0.00643696 0.993746 97.8076 0.0928607 0.995671 0.00396731 -0.840514 -0.989419 0.0927223 -0.11159 15.1381
-0.116402 0.00601327 0.993184 99.7289 0.0912255 0.995819 0.00466252 -0.83528 -0.989004 0.0911465 -0.116464 14.9271
-0.121235 0.00670253 0.992601 101.657 0.0902435 0.99591 0.00429732 -0.848833 -0.988513 0.0900968 -0.121344 14.7148
-0.125952 0.00812157 0.992003 103.601 0.0912452 0.995823 0.00343234 -0.858441 -0.987831 0.0909479 -0.126167 14.459
-0.130588 0.00987072 0.991388 105.536 0.0907107 0.995875 0.00203326 -0.857932 -0.987278 0.090195 -0.130945 14.206
-0.13554 0.0103969 0.990717 107.507 0.0894863 0.995986 0.00179038 -0.862803 -0.986722 0.0888983 -0.135926 13.9551
-0.140611 0.010144 0.990013 109.521 0.0882726 0.996094 0.00233101 -0.870736 -0.986122 0.0877188 -0.140957 13.6768
-0.146118 0.00973812 0.989219 111.491 0.0862506 0.996269 0.00293256 -0.874176 -0.9855 0.0857492 -0.146412 13.4007
-0.151763 0.00924433 0.988374 113.495 0.0856284 0.99632 0.0038294 -0.882882 -0.984701 0.085214 -0.151996 13.102
-0.157185 0.00898808 0.987528 115.534 0.0865376 0.996237 0.00470684 -0.901003 -0.98377 0.0861982 -0.157371 12.8113
-0.162835 0.0105021 0.986597 117.546 0.0873147 0.996174 0.00380703 -0.910958 -0.982782 0.0867644 -0.163129 12.4888
-0.168472 0.0114271 0.98564 119.497 0.0864787 0.996248 0.00323142 -0.924474 -0.981906 0.0857813 -0.168828 12.1598
-0.17448 0.0116556 0.984592 121.596 0.0869132 0.996209 0.00360879 -0.927743 -0.980817 0.0862037 -0.174831 11.8204
-0.179893 0.0115435 0.983619 123.614 0.086203 0.996269 0.00407358 -0.941249 -0.979902 0.0855237 -0.180216 11.4567
-0.185454 0.0121505 0.982578 125.634 0.0855296 0.996328 0.00382246 -0.961136 -0.978924 0.0847484 -0.185812 11.1015
-0.190667 0.013151 0.981567 127.698 0.0845447 0.996415 0.00307274 -0.954432 -0.978007 0.0835721 -0.191096 10.7199
-0.194895 0.012131 0.980749 129.745 0.0854463 0.996332 0.00465618 -0.961291 -0.977095 0.0847088 -0.195217 10.3179
-0.199223 0.0119717 0.979881 131.801 0.0877945 0.996122 0.00567963 -0.962401 -0.976014 0.0871597 -0.199501 9.90966
-0.202794 0.0123213 0.979144 133.886 0.0886949 0.996042 0.00583597 -0.980757 -0.975196 0.0880286 -0.203084 9.46026
-0.205917 0.0130881 0.978482 135.966 0.0891747 0.996001 0.00544399 -0.982728 -0.974498 0.0883768 -0.206261 9.02541
-0.209212 0.0129024 0.977785 138.03 0.0883107 0.996076 0.00575163 -0.992135 -0.973875 0.0875522 -0.209531 8.59195
-0.21336 0.0133412 0.976883 140.127 0.0867366 0.996217 0.00533879 -0.990564 -0.973116 0.0858706 -0.21371 8.16883
-0.218002 0.0138872 0.975849 142.265 0.0852092 0.996351 0.0048566 -1.00208 -0.972221 0.0842101 -0.21839 7.70028
-0.222059 0.0139759 0.974933 144.307 0.0850002 0.996368 0.0050771 -0.986753 -0.971321 0.083997 -0.22244 7.22273
-0.226543 0.0141012 0.973899 146.423 0.0842838 0.996428 0.0051782 -1.0047 -0.970348 0.083257 -0.226922 6.74972
-0.230638 0.0147686 0.972928 148.516 0.0838862 0.996464 0.00475973 -1.00567 -0.969417 0.0827129 -0.231061 6.24261
-0.235567 0.0146703 0.971747 150.597 0.0830319 0.996534 0.00508379 -1.01322 -0.968305 0.0818836 -0.235969 5.78939
-0.239544 0.0138535 0.970787 152.821 0.0826639 0.996558 0.00617619 -1.02199 -0.96736 0.0817285 -0.239865 5.23467
-0.243598 0.0138194 0.969778 154.913 0.0831647 0.996513 0.00668972 -1.02187 -0.966304 0.0822809 -0.243898 4.71897
-0.247709 0.0143408 0.968728 157.029 0.0838988 0.996452 0.00670212 -1.03679 -0.965195 0.0829353 -0.248033 4.19069
-0.251616 0.0157308 0.967699 158.911 0.0852643 0.99634 0.00597355 -1.04323 -0.964064 0.0840132 -0.252036 3.69468
-0.255115 0.0175499 0.966751 161.04 0.0854752 0.99633 0.00446908 -1.04275 -0.963125 0.0837734 -0.255679 3.13996
-0.258561 0.0185445 0.965817 163.186 0.0862169 0.996269 0.00395208 -1.04932 -0.96214 0.0842916 -0.259195 2.57878
-0.262057 0.0191362 0.964863 165.427 0.085494 0.996333 0.00345985 -1.05969 -0.961258 0.0833966 -0.262732 1.97834
-0.265551 0.0190141 0.963909 167.577 0.0857292 0.996311 0.00396463 -1.07494 -0.960278 0.083688 -0.266202 1.39175
-0.269515 0.018963 0.962809 169.761 0.0852756 0.996348 0.00424731 -1.08571 -0.959213 0.0832488 -0.270148 0.784255
-0.273268 0.0197553 0.961735 172.236 0.0874221 0.996162 0.00437771 -1.09798 -0.957957 0.0852732 -0.273947 0.0549498
-0.276591 0.0199897 0.96078 174.405 0.0890897 0.996011 0.00492455 -1.09578 -0.956849 0.0869577 -0.277268 -0.564586
-0.279045 0.0194245 0.960081 176.598 0.0896155 0.995959 0.00589608 -1.10097 -0.956087 0.0876834 -0.279658 -1.21731
-0.282075 0.0190725 0.959203 178.817 0.0898426 0.995934 0.00661742 -1.12195 -0.955176 0.0880439 -0.282642 -1.83815
-0.284955 0.0196895 0.958339 181.014 0.0889068 0.996022 0.00597204 -1.12679 -0.954409 0.0869046 -0.285572 -2.47294
-0.287904 0.0217019 0.957413 183.229 0.0878284 0.996128 0.00383142 -1.12094 -0.953623 0.0851912 -0.288695 -3.14086
-0.290914 0.0236953 0.956456 185.481 0.0879179 0.996126 0.00206295 -1.12705 -0.952701 0.0846897 -0.291871 -3.81126
-0.294208 0.02475 0.955421 187.704 0.0870696 0.996202 0.00100544 -1.13887 -0.951767 0.0834839 -0.295246 -4.47667
-0.29753 0.0256013 0.954369 189.953 0.0856531 0.996325 -2.3847e-05 -1.1582 -0.950862 0.0817376 -0.29863 -5.16907
-0.301251 0.0258258 0.953195 192.42 0.0860683 0.996289 0.000207961 -1.16552 -0.949652 0.0821025 -0.302356 -5.89098
-0.304818 0.0247405 0.952089 194.658 0.085433 0.996343 0.00146157 -1.18663 -0.948571 0.0817853 -0.305817 -6.60281
-0.30872 0.0240713 0.950848 196.887 0.0851873 0.996362 0.0024349 -1.19771 -0.947331 0.0817519 -0.309647 -7.3105
-0.312647 0.0238852 0.949569 199.224 0.085735 0.996313 0.00316737 -1.22673 -0.945992 0.0824015 -0.313542 -8.05188
-0.316297 0.0240079 0.948356 201.453 0.0847118 0.996401 0.00302905 -1.2351 -0.944871 0.0812951 -0.317192 -8.78649
-0.320189 0.0247239 0.947031 203.73 0.0837422 0.996485 0.00229812 -1.24081 -0.943645 0.0800423 -0.321134 -9.53072
-0.322994 0.025529 0.946057 206.011 0.0841024 0.996455 0.00182438 -1.24463 -0.942657 0.0801549 -0.323996 -10.3318
-0.325886 0.0260896 0.945049 208.237 0.0848408 0.996393 0.00174902 -1.26257 -0.941595 0.0807487 -0.326924 -11.088
-0.328608 0.0257393 0.944115 210.506 0.0859504 0.996296 0.002754 -1.28158 -0.940547 0.0820521 -0.329603 -11.8578
-0.330953 0.0250348 0.943315 212.762 0.0866965 0.996227 0.00397765 -1.31299 -0.939656 0.0830985 -0.331875 -12.6942
-0.333559 0.0257201 0.942378 215.02 0.0877086 0.996139 0.0038575 -1.32455 -0.93864 0.0839414 -0.334527 -13.4981
-0.336077 0.0265628 0.94146 217.292 0.0876607 0.996145 0.00318689 -1.34077 -0.937746 0.0836001 -0.33711 -14.3087
-0.338981 0.0268299 0.940411 219.582 0.0867416 0.996227 0.00284456 -1.33695 -0.936786 0.0825369 -0.340029 -15.1129
-0.34174 0.0280185 0.939377 221.847 0.0866171 0.99624 0.00179626 -1.35944 -0.935794 0.08198 -0.342882 -15.9332
-0.344767 0.0292315 0.938233 224.096 0.0866481 0.996239 0.000801313 -1.3843 -0.934681 0.0815724 -0.346003 -16.7409
-0.346971 0.0291989 0.937421 226.354 0.0839539 0.99647 3.60695e-05 -1.40192 -0.934111 0.0787126 -0.348198 -17.5876
-0.349907 0.0300707 0.936302 228.578 0.0848266 0.996396 -0.000300064 -1.43098 -0.932936 0.0793183 -0.351196 -18.4346
-0.352518 0.029752 0.935332 230.882 0.0864139 0.996259 0.000878532 -1.44327 -0.931807 0.0811354 -0.35377 -19.2933
-0.355131 0.0288699 0.93437 233.22 0.0872361 0.996185 0.00237653 -1.47107 -0.930737 0.0823548 -0.356295 -20.1627
-0.358161 0.0283385 0.93323 235.494 0.0862034 0.996274 0.00283081 -1.49185 -0.929672 0.0814615 -0.359269 -21.0287
-0.361444 0.028713 0.931952 237.775 0.084877 0.996389 0.00221997 -1.5102 -0.928523 0.0799037 -0.362575 -21.8878
-0.365356 0.0278834 0.93045 240.026 0.0826699 0.996574 0.0025967 -1.53132 -0.92719 0.0778689 -0.366409 -22.7447
-0.368885 0.0273113 0.929074 242.291 0.0817775 0.996646 0.00317178 -1.54774 -0.92587 0.0771474 -0.369881 -23.6324
-0.372306 0.0274902 0.927703 244.548 0.0813585 0.99668 0.00311661 -1.57369 -0.924537 0.0766368 -0.373306 -24.5418
-0.376439 0.027275 0.92604 246.762 0.0806454 0.996737 0.00342542 -1.59829 -0.922925 0.0759703 -0.37741 -25.4161
-0.38034 0.0268378 0.924457 249.007 0.0798109 0.996802 0.00389775 -1.6099 -0.921396 0.0752643 -0.381266 -26.3397
-0.384207 0.0266487 0.922862 251.256 0.0787968 0.996883 0.00401865 -1.62754 -0.919878 0.0742626 -0.385109 -27.2706
-0.388594 0.0279104 0.920986 253.473 0.0792334 0.996851 0.00322165 -1.62317 -0.917996 0.0742248 -0.389582 -28.1573
-0.391929 0.0279705 0.91957 255.722 0.0794871 0.99683 0.00355763 -1.65704 -0.916555 0.0744883 -0.392909 -29.1312
-0.395898 0.0278158 0.917873 257.96 0.078864 0.996878 0.0038057 -1.668 -0.914902 0.0738938 -0.396856 -30.0701
-0.399837 0.028737 0.916135 260.193 0.0781033 0.996941 0.00281562 -1.65721 -0.913252 0.072679 -0.400859 -31.0106
-0.403267 0.0287234 0.914632 262.413 0.0786405 0.996897 0.00336613 -1.68873 -0.911697 0.0732846 -0.404274 -32.0094
-0.406647 0.0293117 0.913115 264.631 0.079223 0.996852 0.00328153 -1.70515 -0.910144 0.0736741 -0.407689 -32.9942
-0.410367 0.0300816 0.911424 266.806 0.0801976 0.996774 0.00321022 -1.73795 -0.908387 0.0744114 -0.411455 -33.9509
-0.41376 0.0320432 0.909822 269.04 0.082243 0.99661 0.00230187 -1.74969 -0.906664 0.0757789 -0.414992 -34.9533
-0.416073 0.0326479 0.908745 271.253 0.0831858 0.996531 0.00228517 -1.7639 -0.905518 0.0765455 -0.417345 -36.0137
-0.419409 0.0353145 0.90711 273.702 0.0859403 0.9963 0.000948411 -1.77042 -0.90372 0.0783551 -0.420892 -37.0904
-0.421583 0.0373747 0.906019 275.901 0.0873868 0.996174 -0.000431557 -1.79298 -0.902569 0.0789922 -0.423236 -38.1678
-0.424362 0.0384203 0.904677 278.091 0.0886679 0.996061 -0.000709261 -1.77351 -0.901141 0.0799148 -0.426098 -39.1965
-0.428863 0.0393342 0.902513 280.417 0.0891668 0.996016 -0.00103836 -1.83355 -0.898958 0.0800288 -0.430662 -40.1624
-0.432208 0.0393795 0.900914 282.694 0.0884579 0.996079 -0.00110213 -1.84985 -0.897425 0.0792166 -0.433997 -41.2354
-0.435906 0.0405378 0.899079 284.992 0.0894006 0.995995 -0.0015629 -1.87483 -0.895541 0.0796969 -0.437784 -42.3159
-0.438862 0.0406669 0.897634 287.142 0.0879218 0.996125 -0.00214318 -1.87795 -0.894243 0.077981 -0.440737 -43.4176
-0.442058 0.0403 0.896081 289.42 0.0860915 0.996284 -0.00233557 -1.90028 -0.892845 0.0761124 -0.443885 -44.5074
-0.444786 0.040852 0.894705 291.682 0.0877648 0.996139 -0.00185287 -1.92732 -0.891326 0.0776995 -0.446654 -45.6237
-0.446407 0.0403681 0.893919 293.868 0.0889235 0.996038 -0.000572893 -1.94883 -0.890401 0.0792347 -0.448228 -46.7544
-0.448521 0.0403001 0.892863 296.136 0.0895704 0.99598 4.03972e-05 -1.96319 -0.889273 0.0799922 -0.450328 -47.8815
-0.450647 0.0399339 0.891808 298.428 0.0894008 0.995996 0.000576646 -1.97684 -0.888214 0.0799883 -0.452413 -49.0228
-0.453379 0.0393151 0.890451 300.575 0.0883259 0.996091 0.000992421 -1.97285 -0.886931 0.0790998 -0.455079 -50.122
-0.455676 0.0394229 0.889273 302.859 0.0903084 0.995912 0.00212487 -2.00207 -0.885553 0.081277 -0.457373 -51.282
-0.457995 0.0390949 0.888095 305.159 0.0901327 0.995926 0.00264012 -2.01367 -0.884373 0.0812555 -0.459653 -52.4713
-0.460577 0.0402547 0.886707 307.568 0.0901933 0.995923 0.00163565 -2.02262 -0.883026 0.0807283 -0.46233 -53.6143
-0.463133 0.0424166 0.885273 309.892 0.0894237 0.995993 -0.000939412 -2.04541 -0.881766 0.0787293 -0.46507 -54.803
-0.46684 0.0419568 0.883346 312.253 0.0881721 0.996105 -0.00071446 -2.06466 -0.879935 0.0775529 -0.468722 -55.9982
-0.470104 0.0402353 0.881693 314.796 0.0853833 0.996348 5.74855e-05 -2.03331 -0.878471 0.0753089 -0.471823 -57.4829
-0.475617 0.0379303 0.878835 317.119 0.0830461 0.996544 0.00193317 -2.0412 -0.875724 0.0739033 -0.477123 -58.6851
-0.480384 0.0359592 0.876321 319.497 0.081611 0.996657 0.00384059 -2.07259 -0.873253 0.0733624 -0.481712 -59.9867
-0.485656 0.0346321 0.873464 321.986 0.0774601 0.996989 0.00353897 -2.06029 -0.870711 0.0693773 -0.486877 -61.4445
-0.490194 0.0356748 0.870883 324.354 0.0787167 0.996891 0.00347075 -2.04864 -0.868051 0.0702544 -0.491479 -62.7479
-0.494551 0.0365127 0.868381 326.698 0.0801898 0.996773 0.00375776 -2.07809 -0.865441 0.0714938 -0.495883 -64.0318
-0.497293 0.0356286 0.866851 329.004 0.0785511 0.996902 0.0040892 -2.07347 -0.864019 0.0701256 -0.498551 -65.4578
-0.501257 0.0337778 0.864639 331.369 0.0782798 0.996911 0.00643607 -2.09901 -0.86175 0.0709099 -0.502353 -66.8375
-0.505301 0.0319836 0.86235 333.691 0.0770135 0.996997 0.00814915 -2.11993 -0.8595 0.0705304 -0.506247 -68.1924
-0.509276 0.0317132 0.860019 335.833 0.0749381 0.997159 0.0076058 -2.09075 -0.857334 0.0683216 -0.510206 -69.4241
-0.513609 0.0314839 0.857446 338.185 0.07464 0.997178 0.00809465 -2.08972 -0.854771 0.0681573 -0.51451 -70.8173
-0.517776 0.0314382 0.854939 340.461 0.0762703 0.997042 0.00952783 -2.11708 -0.85211 0.0701397 -0.518642 -72.1695
-0.522181 0.0298204 0.852313 343.091 0.0738851 0.997213 0.0103766 -2.107 -0.849628 0.0683917 -0.522929 -73.7506
-0.526281 0.0284666 0.849834 345.416 0.072092 0.997335 0.0112374 -2.12106 -0.847249 0.0671803 -0.526931 -75.1452
-0.529283 0.0273905 0.848003 347.823 0.0715614 0.997358 0.0124505 -2.11939 -0.845422 0.0672741 -0.529845 -76.6644
-0.532868 0.0237351 0.845865 349.203 0.0650914 0.997795 0.0130072 -2.15325 -0.843691 0.0619897 -0.533238 -77.6263
-0.535421 0.0229198 0.844274 351.509 0.0622791 0.997982 0.0124037 -2.14017 -0.842286 0.0592219 -0.535768 -79.0996
-0.538447 0.0217477 0.842379 353.863 0.0579899 0.998253 0.0112952 -2.13188 -0.840662 0.0549313 -0.538767 -80.5959
-0.540538 0.0153821 0.841179 353.509 0.0443052 0.998966 0.0102029 -2.27767 -0.840152 0.0427836 -0.540661 -80.7611
-0.54363 0.012558 0.839231 355.777 0.0412852 0.999078 0.0117935 -2.28026 -0.838309 0.0410591 -0.543647 -82.2177
-0.546451 0.0113832 0.837414 358.005 0.0411182 0.999066 0.013251 -2.2855 -0.836481 0.041674 -0.546409 -83.683
-0.550501 0.00951914 0.83478 360.196 0.0384716 0.999162 0.0139767 -2.33944 -0.833948 0.0398095 -0.550406 -85.1178
-0.553483 0.00823854 0.83282 362.495 0.0359 0.999258 0.0139737 -2.33085 -0.832086 0.0376325 -0.553368 -86.6182
-0.556722 0.00382762 0.83069 364.671 0.0324145 0.999328 0.0171193 -2.32619 -0.830066 0.0364571 -0.556472 -88.089
-0.559159 0.00222025 0.829058 366.896 0.0306723 0.999367 0.0180106 -2.32692 -0.828493 0.0355 -0.558873 -89.5254
-0.562375 0.000880504 0.826882 369.122 0.0285342 0.999425 0.0183423 -2.31802 -0.82639 0.0339097 -0.562077 -91.0164
-0.565338 0.00173247 0.824857 371.341 0.0291449 0.999415 0.0178761 -2.28297 -0.824344 0.0341464 -0.565058 -92.4864
-0.568804 9.26917e-05 0.822473 373.65 0.0281378 0.999417 0.0193469 -2.28834 -0.821991 0.0341472 -0.568475 -94.0159
-0.572052 -0.000447691 0.820217 375.916 0.0281521 0.9994 0.0201799 -2.27728 -0.819734 0.0346348 -0.571696 -95.4936
-0.574737 -0.00175867 0.818336 378.105 0.0248444 0.999499 0.0195969 -2.24189 -0.817961 0.0315941 -0.574406 -97.0204
-0.578095 -0.0048894 0.815955 380.995 0.0149035 0.999752 0.0165497 -2.20322 -0.815834 0.0217279 -0.577878 -99.0228
-0.581407 -0.00169159 0.813611 383.226 0.0075574 0.999943 0.00747951 -2.2011 -0.813578 0.0104974 -0.581361 -100.56
-0.584195 0.00875642 0.811566 385.29 0.0181924 0.999832 0.0023078 -2.20779 -0.81141 0.0161125 -0.584256 -101.952
-0.584422 0.00911413 0.811398 387.496 0.0249853 0.999665 0.00676717 -2.1945 -0.811065 0.0242279 -0.584454 -103.634
-0.586662 -0.000216614 0.809832 389.822 0.0241223 0.999552 0.0177422 -2.18617 -0.809473 0.0299437 -0.586394 -105.318
-0.589719 -0.0107323 0.807537 392.071 0.0182135 0.999481 0.026584 -2.17171 -0.807403 0.0303852 -0.589217 -106.903
-0.592542 -0.0165608 0.805369 395.417 0.0123404 0.999485 0.0296317 -2.0854 -0.805445 0.0274966 -0.592033 -109.351
-0.595239 -0.0168465 0.803372 397.675 0.0112975 0.999506 0.02933 -2.05086 -0.803469 0.0265345 -0.594755 -110.993
-0.598004 -0.0119457 0.801404 400.012 0.0166172 0.999489 0.0272981 -2.0265 -0.801321 0.0296414 -0.5975 -112.706
-0.599841 -0.00525724 0.800102 401.865 0.02119 0.999523 0.0224538 -1.95393 -0.799839 0.0304229 -0.599443 -114.187
-0.602106 -0.00256569 0.798412 404.057 0.0219712 0.999563 0.0197812 -1.90707 -0.798114 0.0294524 -0.601787 -115.878
-0.605422 -0.00240441 0.795901 406.387 0.022165 0.999557 0.01988 -1.8903 -0.795596 0.029677 -0.605101 -117.564
-0.608612 -0.0033245 0.793461 408.751 0.0228814 0.999502 0.0217386 -1.89474 -0.793138 0.0313859 -0.608233 -119.405
-0.611113 -0.00402274 0.791533 410.977 0.0233526 0.99946 0.0231092 -1.86908 -0.791199 0.0326067 -0.610689 -121.11
-0.613115 -0.00382708 0.789985 413.325 0.0240879 0.999433 0.0235366 -1.8576 -0.789627 0.0334597 -0.612675 -122.894
-0.615325 -0.00375733 0.788264 415.017 0.02388 0.999441 0.0234048 -1.78646 -0.787912 0.0332253 -0.614891 -124.221
-0.616682 -0.00307811 0.787206 417.218 0.0248173 0.999419 0.0233493 -1.77051 -0.786821 0.0339354 -0.616248 -125.909
-0.617892 -0.00361024 0.786255 419.398 0.0262294 0.999338 0.0252015 -1.71137 -0.785825 0.0361948 -0.617388 -127.626
-0.619569 -0.00440695 0.78493 421.561 0.027998 0.999224 0.0277097 -1.71007 -0.784443 0.0391445 -0.618964 -129.127
-0.620915 -0.00490865 0.783862 423.795 0.0295809 0.999121 0.0296883 -1.6514 -0.78332 0.0416213 -0.620224 -130.851
-0.622148 -0.00457901 0.782886 425.982 0.0282184 0.999202 0.028269 -1.59869 -0.782391 0.0396793 -0.621523 -132.576
-0.623333 -0.00437093 0.781944 427.726 0.0242851 0.999394 0.0249455 -1.60739 -0.781579 0.034539 -0.622849 -134.019
-0.624744 -0.00490197 0.780814 429.98 0.0213116 0.999501 0.0233267 -1.57677 -0.780539 0.0312136 -0.624327 -135.754
-0.625914 -0.00551616 0.779873 432.128 0.020954 0.999495 0.0238869 -1.55391 -0.779611 0.0312926 -0.625482 -137.47
-0.627097 -0.0065128 0.778914 434.1 0.0188428 0.999546 0.0235278 -1.50627 -0.778713 0.0294311 -0.62669 -139.021
-0.628161 -0.00746698 0.778048 436.219 0.0160476 0.999617 0.0225495 -1.48173 -0.777918 0.0266505 -0.6278 -140.711
-0.629226 -0.0081113 0.77718 438.348 0.0148042 0.999639 0.0224189 -1.45043 -0.777081 0.0256121 -0.628879 -142.411
-0.629372 -0.00974491 0.777043 440.058 0.0155263 0.999564 0.0251112 -1.43919 -0.776949 0.0278689 -0.628946 -143.795
-0.629153 -0.0109752 0.777204 442.164 0.0181607 0.99942 0.0288144 -1.40446 -0.77707 0.0322432 -0.628588 -145.498
-0.628513 -0.0124372 0.777699 444.27 0.0227958 0.999148 0.0344015 -1.34586 -0.777465 0.0393501 -0.627694 -147.16
-0.627728 -0.0134412 0.778317 446.368 0.0263681 0.99891 0.0385172 -1.25331 -0.777986 0.0447011 -0.626689 -148.887
-0.626084 -0.0160355 0.779591 448.499 0.0202098 0.999119 0.0367814 -1.20614 -0.779494 0.0387836 -0.625208 -150.578
-0.62516 -0.016388 0.780324 450.612 0.0126244 0.999436 0.0311037 -1.13938 -0.780394 0.0292959 -0.624601 -152.249
-0.624223 -0.0184588 0.781028 452.688 0.00822721 0.99951 0.0301978 -1.0955 -0.781203 0.0252759 -0.623765 -153.967
-0.621718 -0.0184835 0.783023 454.864 0.00652781 0.999565 0.0287781 -1.04523 -0.783214 0.0230033 -0.621326 -155.645
-0.619004 -0.0179171 0.785184 457.032 0.00859065 0.999525 0.0295807 -0.986538 -0.785341 0.0250558 -0.618556 -157.334
-0.616789 -0.0177502 0.786929 459.12 0.00920632 0.999515 0.0297612 -0.914007 -0.787075 0.0256011 -0.616326 -158.88
-0.6147 -0.0168419 0.788581 461.247 0.00678765 0.999622 0.0266401 -0.881678 -0.788732 0.0217283 -0.614354 -160.482
-0.613179 -0.0216883 0.789646 463.393 -0.000148785 0.999626 0.0273401 -0.825083 -0.789944 0.0166469 -0.612953 -162.088
-0.611132 -0.0272926 0.791058 465.787 -0.00851028 0.999574 0.0279121 -0.759728 -0.791483 0.0103259 -0.611104 -163.987
-0.6106 -0.0304318 0.791354 467.944 -0.0157529 0.99953 0.0262825 -0.713953 -0.791782 0.003582 -0.610793 -165.631
-0.609781 -0.0303237 0.79199 470.033 -0.0166731 0.999537 0.0254331 -0.632136 -0.792395 0.00230368 -0.610004 -167.2
-0.609957 -0.0309678 0.791829 471.675 -0.0150469 0.999509 0.0274991 -0.673512 -0.792292 0.00485867 -0.610123 -168.457
-0.608621 -0.0316311 0.79283 473.767 -0.0128862 0.999467 0.029983 -0.630321 -0.793356 0.00803175 -0.608705 -170.055
-0.607239 -0.033808 0.7938 475.847 -0.0145589 0.9994 0.0314273 -0.513536 -0.794386 0.00752705 -0.607367 -171.69
-0.605114 -0.0344295 0.795394 477.851 -0.0172598 0.999397 0.0301291 -0.554122 -0.795951 0.00450323 -0.605344 -173.215
-0.604204 -0.0330382 0.796144 479.945 -0.0177578 0.99945 0.0279983 -0.492539 -0.796632 0.00277894 -0.604459 -174.829
-0.603148 -0.0317121 0.796999 482.104 -0.0169264 0.999493 0.0269598 -0.45532 -0.79745 0.00277043 -0.603379 -176.469
-0.602356 -0.0311014 0.797621 484.158 -0.0150727 0.999506 0.0275907 -0.404253 -0.798085 0.00459715 -0.602527 -177.99
-0.601087 -0.0313127 0.79857 486.305 -0.0134138 0.999487 0.0290942 -0.356155 -0.799071 0.0067763 -0.601198 -179.594
-0.600195 -0.0312858 0.799242 488.513 -0.0131766 0.999486 0.0292292 -0.296344 -0.799745 0.00701188 -0.600298 -181.208
-0.597851 -0.0323373 0.800955 490.821 -0.0143128 0.999457 0.0296682 -0.244578 -0.80148 0.00627327 -0.597989 -182.953
-0.597 -0.0333831 0.801547 493.007 -0.0144172 0.999419 0.0308861 -0.18258 -0.802112 0.00688292 -0.597134 -184.572
-0.596085 -0.0342268 0.802192 495.102 -0.0148192 0.99939 0.0316288 -0.128882 -0.802785 0.00696561 -0.596228 -186.257
-0.595974 -0.0333712 0.80231 497.102 -0.0152329 0.999426 0.0302547 -0.123468 -0.802859 0.00580954 -0.596141 -187.654
-0.595436 -0.0323408 0.802751 499.258 -0.0151323 0.999464 0.0290415 -0.0770335 -0.80326 0.00514488 -0.595606 -189.302
-0.594974 -0.0325732 0.803085 501.446 -0.0146409 0.999452 0.029691 0.0075427 -0.803611 0.00590755 -0.595125 -190.834
-0.593581 -0.0339369 0.804058 503.489 -0.0153537 0.999406 0.0308474 0.0852402 -0.804628 0.00596512 -0.59375 -192.19
-0.593079 -0.0351867 0.804375 505.597 -0.0166865 0.999367 0.0314133 0.11271 -0.804972 0.00520839 -0.593291 -193.816
-0.593245 -0.0355674 0.804236 507.76 -0.0171856 0.999355 0.0315196 0.200691 -0.804838 0.0048776 -0.593474 -195.392
-0.592785 -0.0352399 0.804589 510.361 -0.0169487 0.999367 0.0312839 0.21289 -0.805182 0.00490791 -0.593007 -197.354
-0.592832 -0.0345426 0.804585 512.563 -0.0161744 0.999389 0.0309884 0.281315 -0.805164 0.00535724 -0.593029 -198.974
-0.592928 -0.0360923 0.804446 514.759 -0.0166756 0.999331 0.0325451 0.344963 -0.805083 0.0058823 -0.593133 -200.563
-0.592812 -0.0376028 0.804463 516.627 -0.0173185 0.999274 0.0339467 0.405906 -0.805155 0.00619191 -0.593032 -201.99
-0.593068 -0.0379232 0.804259 518.822 -0.0178806 0.999264 0.033933 0.488555 -0.804954 0.00574399 -0.59331 -203.585
-0.592968 -0.0382698 0.804316 520.968 -0.0187416 0.999255 0.0337282 0.550235 -0.805008 0.00492561 -0.593244 -205.13
-0.593835 -0.0373045 0.803722 523.096 -0.018348 0.999293 0.0328254 0.586422 -0.804378 0.00474612 -0.594099 -206.657
-0.593665 -0.0368244 0.80387 525.266 -0.0174386 0.999307 0.0328986 0.640182 -0.804524 0.00551239 -0.593895 -208.224
-0.593425 -0.0371078 0.804034 527.405 -0.0175934 0.999296 0.0331346 0.707269 -0.804697 0.00551721 -0.59366 -209.776
-0.59426 -0.0370497 0.803419 529.45 -0.0177329 0.999299 0.0329664 0.717591 -0.804077 0.00534367 -0.594501 -211.241
-0.59418 -0.0370552 0.803478 531.57 -0.0185999 0.999304 0.0323316 0.786517 -0.804117 0.00426616 -0.594456 -212.78
-0.593988 -0.0376195 0.803594 533.72 -0.0186389 0.999281 0.0330033 0.854061 -0.804258 0.00462544 -0.594262 -214.352
-0.594522 -0.0386116 0.803152 535.723 -0.0185823 0.999239 0.0342833 0.909154 -0.803865 0.00545775 -0.594787 -215.858
-0.594211 -0.0398048 0.803324 537.918 -0.0186851 0.999188 0.0356887 0.980514 -0.804092 0.00619645 -0.594472 -217.493
-0.593825 -0.0390122 0.803648 540.041 -0.01836 0.999221 0.0349396 1.04305 -0.804385 0.005993 -0.594078 -219.118
-0.59433 -0.0381888 0.803314 541.674 -0.0173703 0.999248 0.0346519 1.09572 -0.804034 0.00664087 -0.594547 -220.315
-0.59425 -0.0383391 0.803366 543.79 -0.0168406 0.999237 0.0352297 1.15184 -0.804104 0.00740608 -0.594443 -221.816
-0.594238 -0.0391615 0.803335 545.912 -0.0175191 0.999207 0.0357509 1.25515 -0.804098 0.00717089 -0.594453 -223.338
-0.594275 -0.0397053 0.803281 547.334 -0.0182374 0.999189 0.0358965 1.27489 -0.804055 0.00668261 -0.594517 -224.51
-0.594543 -0.0392145 0.803107 549.427 -0.0185085 0.999213 0.0350881 1.38927 -0.803851 0.00599708 -0.594801 -225.982
-0.594642 -0.0403292 0.802979 551.557 -0.0188668 0.999166 0.0362109 1.4753 -0.803769 0.00638288 -0.594907 -227.556
-0.594593 -0.0422659 0.802915 553.611 -0.0189122 0.999076 0.0385867 1.43452 -0.803804 0.0077585 -0.594843 -228.954
-0.59478 -0.0435975 0.802705 555.717 -0.0201163 0.999023 0.0393545 1.49325 -0.803637 0.0072598 -0.595076 -230.528
-0.594925 -0.0420931 0.802678 557.815 -0.0205014 0.999098 0.0371984 1.58506 -0.80352 0.00567422 -0.595251 -232.092
-0.594974 -0.0396682 0.802766 560.496 -0.0206129 0.999206 0.0340978 1.65962 -0.803481 0.00373995 -0.595319 -233.998
-0.595046 -0.0392087 0.802735 562.658 -0.020181 0.999223 0.0338464 1.69383 -0.803438 0.00394022 -0.595375 -235.565
-0.595115 -0.0412855 0.80258 564.793 -0.0197946 0.99913 0.0367185 1.75303 -0.803397 0.00596502 -0.595414 -237.095
-0.595356 -0.0420713 0.80236 567.924 -0.0186655 0.999083 0.0385365 1.84259 -0.803245 0.00796646 -0.595595 -239.518
-0.595456 -0.0416145 0.80231 570.079 -0.0182562 0.999101 0.0382724 1.919 -0.803181 0.00814235 -0.59568 -241.082
-0.595341 -0.0406466 0.802445 572.234 -0.0177288 0.999141 0.0374568 1.99662 -0.803278 0.00807317 -0.59555 -242.711
-0.594946 -0.0398736 0.802776 574.511 -0.0172185 0.999172 0.0368677 2.06648 -0.803581 0.00811167 -0.59514 -244.301
-0.594995 -0.0398251 0.802742 576.674 -0.0163328 0.999164 0.0374639 2.15592 -0.803564 0.00917986 -0.595148 -245.847
-0.594911 -0.0405127 0.80277 578.855 -0.0156383 0.999123 0.0388328 2.21539 -0.80364 0.010548 -0.595023 -247.446
-0.594369 -0.0414376 0.803124 580.706 -0.0160447 0.999084 0.0396741 2.28604 -0.804033 0.0106952 -0.594489 -248.827
-0.594246 -0.0411844 0.803228 582.858 -0.015944 0.999095 0.0394315 2.35767 -0.804125 0.0106254 -0.594365 -250.389
-0.593904 -0.040937 0.803494 585.051 -0.0150297 0.999095 0.0397933 2.43724 -0.804395 0.0115571 -0.593982 -251.99
-0.593515 -0.0416543 0.803744 587.25 -0.0143644 0.999049 0.0411688 2.46853 -0.804695 0.012889 -0.593549 -253.576
-0.593245 -0.0431509 0.803865 589.447 -0.0161046 0.998999 0.0417405 2.56221 -0.804861 0.0118165 -0.593346 -255.132
-0.592955 -0.0445139 0.804004 591.573 -0.0175212 0.998948 0.042385 2.64953 -0.805045 0.0110453 -0.593111 -256.66
-0.592965 -0.0439296 0.804029 593.889 -0.0180187 0.998985 0.0412927 2.72542 -0.805026 0.00999755 -0.593155 -258.275
-0.592473 -0.0422382 0.804482 596.083 -0.0162801 0.999048 0.0404639 2.81365 -0.805426 0.0108767 -0.592597 -259.88
-0.591654 -0.0410809 0.805145 598.247 -0.0147373 0.999085 0.0401468 2.92083 -0.806057 0.0118873 -0.591718 -261.435
-0.590422 -0.0417779 0.806013 600.642 -0.0145943 0.999049 0.0410928 2.95012 -0.806963 0.0124989 -0.59047 -263.371
-0.589793 -0.0428034 0.80642 602.813 -0.0144618 0.998994 0.0424479 3.01534 -0.807425 0.0133732 -0.589818 -264.935
-0.58924 -0.0419462 0.806869 604.993 -0.0143091 0.999037 0.0414866 3.09982 -0.807832 0.0128999 -0.589272 -266.518
-0.588963 -0.0421534 0.80706 607.41 -0.0152031 0.99904 0.041086 3.20806 -0.808017 0.0119283 -0.589039 -268.424
-0.588471 -0.0421685 0.807418 609.591 -0.015496 0.999044 0.0408824 3.28828 -0.80837 0.0115464 -0.588562 -269.994
-0.587746 -0.0431155 0.807896 611.819 -0.0162597 0.999007 0.0414857 3.37774 -0.808882 0.0112469 -0.587863 -271.581
-0.586836 -0.043619 0.80853 613.783 -0.0168431 0.998989 0.0416692 3.42759 -0.809531 0.0108348 -0.586977 -272.957
-0.586597 -0.0446499 0.808647 615.949 -0.018026 0.998952 0.0420815 3.50265 -0.809678 0.0101082 -0.586787 -274.477
-0.586228 -0.0452272 0.808883 618.135 -0.0196305 0.99894 0.0416269 3.60097 -0.809908 0.00852408 -0.586495 -276.033
-0.586171 -0.044784 0.808949 620.396 -0.0204092 0.99897 0.0405151 3.65484 -0.80993 0.00723882 -0.586481 -277.714
-0.586372 -0.0446824 0.808809 622.506 -0.0195408 0.998967 0.0410209 3.73111 -0.809806 0.00824872 -0.586639 -279.245
-0.586427 -0.046104 0.808689 624.653 -0.0197118 0.998895 0.0426536 3.77175 -0.809762 0.00907247 -0.586688 -280.802
-0.586897 -0.0472546 0.808281 626.8 -0.0205714 0.998843 0.0434584 3.94259 -0.8094 0.00887816 -0.58719 -282.43
-0.587159 -0.046699 0.808124 628.939 -0.0213662 0.998881 0.0421982 4.00366 -0.80919 0.00751056 -0.587499 -283.98
-0.587328 -0.0446094 0.808118 631.14 -0.0206885 0.998981 0.0401092 4.09377 -0.809084 0.00683851 -0.587653 -285.578
-0.587181 -0.0432947 0.808297 633.434 -0.0203027 0.999042 0.0387628 4.17186 -0.809201 0.00635022 -0.587498 -287.261
-0.587066 -0.0432511 0.808383 635.609 -0.0197766 0.99904 0.0390897 4.23446 -0.809297 0.00696123 -0.587358 -288.841
-0.587254 -0.0442284 0.808193 637.777 -0.0198154 0.998992 0.0402715 4.31279 -0.80916 0.00763497 -0.587539 -290.392
-0.587293 -0.0446386 0.808143 639.992 -0.0189897 0.998963 0.0413786 4.37681 -0.809152 0.00895493 -0.587531 -291.938
-0.587202 -0.0451678 0.808179 642.138 -0.0190154 0.998936 0.0420128 4.44488 -0.809217 0.00930214 -0.587436 -293.475
-0.587008 -0.0447517 0.808343 644.308 -0.0190399 0.998958 0.0414781 4.5136 -0.809357 0.00895724 -0.587249 -295.038
-0.586369 -0.0442561 0.808834 646.537 -0.019495 0.998988 0.0405275 4.62841 -0.80981 0.00799582 -0.586638 -296.681
-0.586217 -0.0443027 0.808942 648.721 -0.0189187 0.99898 0.0410006 4.68019 -0.809933 0.0087311 -0.586457 -298.286
-0.585962 -0.0446742 0.809106 650.867 -0.0187544 0.998959 0.0415747 4.74985 -0.810122 0.0091869 -0.58619 -299.826
-0.585584 -0.0455408 0.809331 653.248 -0.0194852 0.998923 0.0421107 4.83645 -0.810377 0.00888935 -0.585841 -301.471
-0.585251 -0.0459312 0.80955 655.424 -0.0204777 0.998913 0.041871 4.94819 -0.810593 0.00792732 -0.585556 -302.995
-0.584893 -0.0448193 0.809871 657.591 -0.0203018 0.998968 0.0406222 4.99124 -0.810856 0.00731783 -0.5852 -304.606
-0.585004 -0.0452433 0.809767 659.725 -0.0202997 0.998947 0.0411479 5.09164 -0.810776 0.00763363 -0.585307 -305.902
-0.584359 -0.0455107 0.810218 661.926 -0.0195911 0.998926 0.0419808 5.15658 -0.811259 0.00865885 -0.584623 -307.6
-0.583752 -0.0457481 0.810642 664.141 -0.0195139 0.998913 0.042321 5.23076 -0.811697 0.00888619 -0.584011 -309.273
-0.583536 -0.0446642 0.810858 666.133 -0.0196949 0.998971 0.0408524 5.33795 -0.811848 0.00786905 -0.583815 -310.581
-0.583077 -0.0430759 0.811274 668.317 -0.0186229 0.99904 0.0396609 5.38781 -0.812203 0.00801706 -0.583319 -312.138
-0.582578 -0.0429771 0.811638 670.512 -0.0178806 0.999037 0.0400657 5.45556 -0.812578 0.00882882 -0.582785 -313.76
-0.582016 -0.0438073 0.811997 672.693 -0.0172621 0.998988 0.0415226 5.52538 -0.812994 0.0101501 -0.582183 -315.227
