1 0 0 0 0 1 0 0 0 0 1 0
0.999988 -0.003184 -0.00367921 0.0651832 0.00318227 0.999995 -0.000475428 -0.0294938 0.0036807 0.000463714 0.999993 1.03942
0.999998 -0.00129534 0.00160932 -0.0025637 0.00129821 0.999998 -0.00178537 -0.0103743 -0.001607 0.00178746 0.999997 1.56245
0.999994 -0.00275015 0.00206128 -0.00731674 0.00275169 0.999996 -0.000745366 -0.0191095 -0.00205922 0.000751034 0.999998 2.08516
0.999982 -0.0031489 0.00504175 -0.0174628 0.00313831 0.999993 0.00210775 -0.048532 -0.00504835 -0.00209189 0.999985 2.6101
0.999988 -0.0047711 -0.00146437 0.000453583 0.00477387 0.999987 0.0018999 -0.136905 0.00145528 -0.00190687 0.999997 8.06025
0.99999 -0.00410409 -0.00184244 -0.00841157 0.00410441 0.999992 0.00017131 -0.159403 0.00184172 -0.000178871 0.999998 9.39727
0.999998 -0.00108665 -0.00177743 -0.0228412 0.00108255 0.999997 -0.00230351 -0.178079 0.00177993 0.00230158 0.999996 10.759
0.999996 0.00258602 -0.00120456 -0.0409314 -0.00258991 0.999991 -0.00323848 -0.199304 0.00119617 0.00324159 0.999994 12.0848
0.999987 0.00495015 -0.00105653 -0.0545828 -0.00495358 0.999982 -0.00326181 -0.226013 0.00104036 0.003267 0.999994 13.4388
0.999982 0.00589745 -0.000815191 -0.0658987 -0.00589945 0.99998 -0.00247732 -0.250623 0.000800565 0.00248209 0.999997 14.791
0.999993 0.00365449 -0.000703866 -0.072096 -0.00365435 0.999993 0.000201477 -0.275919 0.000704598 -0.000198903 1 16.0198
1 -0.000491713 -0.000517574 -0.0781126 0.000492781 0.999998 0.00206494 -0.300518 0.000516558 -0.00206519 0.999998 17.3792
0.999997 -0.00252601 -0.000683651 -0.0848981 0.00252574 0.999997 -0.000381891 -0.32171 0.000684613 0.000380163 1 18.742
0.999992 -0.00378267 -0.00128262 -0.0767002 0.00377975 0.99999 -0.0022722 -0.34675 0.00129121 0.00226734 0.999997 20.1174
0.999998 -0.00175494 -0.000750678 -0.0857531 0.0017522 0.999992 -0.00364315 -0.37895 0.000757065 0.00364183 0.999993 21.4802
0.999999 0.00123094 0.000115045 -0.101565 -0.00123072 0.999997 -0.00189901 -0.397809 -0.000117382 0.00189886 0.999998 22.8585
0.999997 0.00232281 0.000419223 -0.103082 -0.00232353 0.999996 0.00173888 -0.424131 -0.000415182 -0.00173985 0.999998 24.1792
1 3.07251e-05 0.00097459 -0.108267 -3.41914e-05 0.999994 0.00355684 -0.440662 -0.000974474 -0.00355687 0.999993 25.5475
0.999991 -0.00421649 0.000488192 -0.107608 0.00421556 0.999989 0.00187759 -0.461889 -0.000496104 -0.00187551 0.999998 26.9255
0.999988 -0.00476685 0.000783135 -0.0979207 0.00476697 0.999989 -0.000156319 -0.487309 -0.000782381 0.000160051 1 28.445
0.999984 -0.00548939 0.00117014 -0.0933773 0.00549221 0.999982 -0.00241646 -0.512739 -0.00115686 0.00242285 0.999996 29.8486
0.999996 -0.00206412 0.00200303 -0.109075 0.0020704 0.999993 -0.00313926 -0.540541 -0.00199654 0.0031434 0.999993 31.226
0.999995 -0.000953024 0.00301735 -0.127292 0.000970374 0.999983 -0.00575362 -0.570246 -0.00301182 0.00575652 0.999979 32.6063
0.999996 -0.000290524 0.00293909 -0.129169 0.000305299 0.999987 -0.00502779 -0.599028 -0.00293759 0.00502867 0.999983 33.9968
0.999996 -0.000102641 0.00297649 -0.13385 0.000114225 0.999992 -0.00389176 -0.627155 -0.00297607 0.00389208 0.999988 35.3869
0.999995 0.00160046 0.00260003 -0.13562 -0.00159413 0.999996 -0.00243483 -0.657306 -0.00260392 0.00243067 0.999994 36.8274
0.999989 0.00397573 0.00241035 -0.136918 -0.00397079 0.99999 -0.0020487 -0.683788 -0.00241847 0.00203911 0.999995 38.2407
0.999975 0.00648081 0.00265388 -0.145994 -0.00647411 0.999976 -0.00252629 -0.709287 -0.00267019 0.00250904 0.999993 39.6555
0.999947 0.00997423 0.00271543 -0.15643 -0.00996693 0.999947 -0.00268528 -0.733683 -0.00274207 0.00265807 0.999993 41.1726
0.999941 0.0105629 0.00249224 -0.162225 -0.0105568 0.999941 -0.00247295 -0.762298 -0.00251821 0.0024465 0.999994 42.5865
0.999953 0.00955704 0.00186264 -0.150302 -0.00955236 0.999951 -0.00250465 -0.790343 -0.00188648 0.00248673 0.999995 44.0008
0.999961 0.00871797 0.00136398 -0.176047 -0.00871432 0.999959 -0.00265634 -0.811855 -0.00138708 0.00264435 0.999996 45.4042
0.999968 0.00802926 0.000293979 -0.177517 -0.00802856 0.999965 -0.00229524 -0.840823 -0.000312398 0.0022928 0.999997 46.8444
0.999964 0.00840166 -0.000682285 -0.179752 -0.00840246 0.999964 -0.00116604 -0.867229 0.000672464 0.00117173 0.999999 48.2617
0.999957 0.0091346 -0.00181227 -0.202068 -0.00913718 0.999957 -0.00142245 -0.89528 0.0017992 0.00143895 0.999997 49.7468
0.999952 0.00937894 -0.00280874 -0.215691 -0.00938187 0.999955 -0.00103169 -0.916894 0.00279894 0.00105799 0.999996 51.1876
0.999947 0.00956905 -0.00374251 -0.225622 -0.00956951 0.999954 -0.000106034 -0.942155 0.00374132 0.000141842 0.999993 52.6102
0.99995 0.00844176 -0.00527759 -0.229512 -0.00843894 0.999964 0.000555493 -0.964303 0.00528209 -0.000510928 0.999986 53.9813
0.999957 0.00742716 -0.00558137 -0.247512 -0.00742377 0.999972 0.000628478 -0.988185 0.00558588 -0.000587016 0.999984 55.4237
0.99997 0.00496663 -0.00602515 -0.261282 -0.00496737 0.999988 -0.000108142 -1.01383 0.00602454 0.000138068 0.999982 56.8611
0.999972 0.00451269 -0.0059784 -0.28466 -0.00450927 0.99999 0.000585761 -1.0421 0.00598098 -0.000558786 0.999982 58.2684
0.99998 0.00274272 -0.00563865 -0.298617 -0.00273512 0.999995 0.00135606 -1.06629 0.00564234 -0.00134062 0.999983 59.7151
0.999986 0.00150429 -0.00503349 -0.313105 -0.00149453 0.999997 0.00194266 -1.09006 0.0050364 -0.00193511 0.999985 61.1556
0.999985 0.00059356 -0.00549414 -0.335496 -0.000588116 0.999999 0.00099241 -1.11256 0.00549473 -0.000989164 0.999984 62.7613
0.999986 -0.00136565 -0.00520858 -0.344051 0.00136675 0.999999 0.000207916 -1.13545 0.00520829 -0.000215031 0.999986 64.2011
0.999989 -0.000240515 -0.00458756 -0.360786 0.000239153 1 -0.000297369 -1.16128 0.00458763 0.000296269 0.999989 65.6366
0.999992 0.00205626 -0.00334138 -0.363737 -0.00205811 0.999998 -0.00054881 -1.19142 0.00334025 0.000555683 0.999994 66.6184
0.999981 0.00534768 -0.00292768 -0.375858 -0.00534564 0.999985 0.000703655 -1.21625 0.0029314 -0.000687991 0.999995 68.0445
0.999958 0.00892135 -0.00189787 -0.404686 -0.00891716 0.999958 0.00220644 -1.25181 0.00191748 -0.00218943 0.999996 69.4699
0.999917 0.0128267 -0.00101298 -0.422781 -0.0128236 0.999913 0.00302668 -1.29555 0.00105172 -0.00301344 0.999995 70.9628
0.999854 0.0171076 -0.000448722 -0.440794 -0.0171064 0.99985 0.00259495 -1.31661 0.000493048 -0.00258689 0.999997 72.3881
0.999798 0.0201054 0.000208263 -0.454821 -0.0201058 0.999796 0.00212973 -1.346 -0.000165401 -0.00213348 0.999998 73.7982
0.999747 0.0224757 0.000223538 -0.471823 -0.0224761 0.999746 0.0015429 -1.36189 -0.000188803 -0.00154753 0.999999 75.3589
0.999742 0.0226941 0.00060754 -0.488512 -0.0226952 0.999741 0.00183066 -1.38626 -0.000565837 -0.00184398 0.999998 76.7877
0.999766 0.0216112 0.000614067 -0.496212 -0.0216121 0.999765 0.00145862 -1.41027 -0.0005824 -0.00147155 0.999999 78.1952
0.999823 0.0187897 0.000823616 -0.530542 -0.0187907 0.999823 0.0012383 -1.44109 -0.000800202 -0.00125356 0.999999 79.5992
0.999836 0.0181008 0.000438767 -0.532443 -0.0181013 0.999835 0.00125553 -1.46325 -0.000415968 -0.00126327 0.999999 80.987
0.999833 0.0182395 0.000636239 -0.551437 -0.0182404 0.999833 0.00149601 -1.49432 -0.000608846 -0.00150736 0.999999 82.3761
0.999809 0.0195354 0.000884574 -0.537607 -0.0195363 0.999809 0.0010199 -1.53864 -0.000864481 -0.00103699 0.999999 83.7423
0.999803 0.019821 0.000303224 -0.546914 -0.0198214 0.999803 0.00137732 -1.56359 -0.000275864 -0.00138306 0.999999 85.1279
0.999819 0.0190132 -0.000659178 -0.552968 -0.0190117 0.999817 0.00218031 -1.58561 0.000700512 -0.00216738 0.999997 86.5095
0.999854 0.0168496 -0.00269133 -0.552688 -0.0168417 0.999854 0.00292218 -1.59193 0.00274017 -0.00287643 0.999992 87.6755
0.999883 0.0147829 -0.00395595 -0.561365 -0.0147687 0.999884 0.00358919 -1.61723 0.00400855 -0.00353035 0.999986 89.0442
0.999907 0.012881 -0.00456373 -0.572579 -0.0128655 0.999911 0.00341665 -1.63816 0.00460734 -0.00335762 0.999984 90.4135
0.999924 0.0115291 -0.00436198 -0.613035 -0.0115142 0.999928 0.00342688 -1.67849 0.00440117 -0.0033764 0.999985 91.752
0.999936 0.0104665 -0.00439774 -0.631994 -0.0104532 0.999941 0.00304593 -1.70158 0.00442936 -0.00299976 0.999986 93.1094
0.99993 0.0110049 -0.00431743 -0.652191 -0.0109946 0.999937 0.00238634 -1.72314 0.00434342 -0.00233871 0.999988 94.4882
0.999949 0.00873731 -0.00513081 -0.66244 -0.0087268 0.99996 0.00206717 -1.73534 0.00514867 -0.00202229 0.999985 95.874
0.999943 0.00945824 -0.00491824 -0.680495 -0.00945069 0.999954 0.00155571 -1.7662 0.00493273 -0.00150915 0.999987 97.2362
0.999931 0.01083 -0.00463231 -0.694083 -0.0108217 0.99994 0.0018278 -1.78722 0.00465182 -0.00177755 0.999988 98.6002
0.999912 0.0127787 -0.00346589 -0.70484 -0.0127671 0.999913 0.00334084 -1.81514 0.00350828 -0.00329629 0.999988 99.8615
0.9999 0.0136855 -0.00344247 -0.716802 -0.0136693 0.999895 0.00470665 -1.83592 0.00350652 -0.00465913 0.999983 101.217
0.999909 0.0130976 -0.00331947 -0.72815 -0.0130864 0.999909 0.00336094 -1.86114 0.00336318 -0.00331719 0.999989 102.588
0.99989 0.0145856 -0.00264711 -0.759479 -0.0145834 0.999893 0.000863744 -1.89754 0.00265943 -0.000825045 0.999996 103.995
0.999898 0.0140536 -0.00268594 -0.774069 -0.0140546 0.999901 -0.000360374 -1.92088 0.00268061 0.000398087 0.999996 105.35
0.999928 0.0118052 -0.00236813 -0.788661 -0.0118034 0.99993 0.000755176 -1.94536 0.00237688 -0.000727169 0.999997 106.698
0.999957 0.00919146 -0.00121999 -0.797976 -0.00918797 0.999954 0.00283874 -1.96661 0.00124603 -0.00282741 0.999995 107.911
0.999972 0.00742179 -0.000302325 -0.804953 -0.00742068 0.999966 0.00354961 -1.99041 0.000328659 -0.00354726 0.999994 109.257
0.999977 0.0068261 0.000624346 -0.812623 -0.00682722 0.999975 0.00181542 -2.00499 -0.000611938 -0.00181964 0.999998 110.594
0.999978 0.00652079 -0.00135012 -0.815419 -0.00652193 0.999978 -0.000841665 -2.01246 0.0013446 0.000850452 0.999999 112.058
0.999964 0.00846515 -0.000233461 -0.822395 -0.00846585 0.999959 -0.00316088 -2.03275 0.000206694 0.00316275 0.999995 113.401
0.999933 0.0115439 0.00118697 -0.8353 -0.0115402 0.999929 -0.0030977 -2.0593 -0.00122264 0.00308379 0.999994 114.741
0.999901 0.0137931 0.00271536 -0.858261 -0.0137904 0.999904 -0.00102858 -2.10748 -0.00272928 0.000991029 0.999996 115.938
0.999897 0.0138976 0.00356199 -0.857624 -0.0139024 0.999902 0.00131101 -2.13238 -0.00354342 -0.0013604 0.999993 117.284
0.999904 0.0130752 0.00457577 -0.858776 -0.0130838 0.999913 0.00185453 -2.15699 -0.00455112 -0.00191422 0.999988 118.615
0.999864 0.0151483 0.00647643 -0.843411 -0.0151567 0.999884 0.00124708 -2.18456 -0.00645679 -0.00134507 0.999978 119.941
0.99982 0.0173474 0.00769363 -0.845329 -0.0173526 0.999849 0.000601468 -2.20559 -0.00768204 -0.000734864 0.99997 121.297
0.999772 0.0193537 0.0090305 -0.849694 -0.0193559 0.999813 0.000163559 -2.2287 -0.00902565 -0.000338316 0.999959 122.636
0.999777 0.018702 0.00979046 -0.825711 -0.0187002 0.999825 -0.000272322 -2.25054 -0.00979384 8.91771e-05 0.999952 123.885
0.999747 0.019762 0.0107515 -0.824517 -0.0197529 0.999804 -0.000955217 -2.27414 -0.0107683 0.000742603 0.999942 125.237
0.999749 0.0191231 0.011711 -0.816433 -0.0191106 0.999817 -0.00118003 -2.30088 -0.0117314 0.000955928 0.999931 126.593
0.999728 0.0194554 0.0128472 -0.807023 -0.0194541 0.999811 -0.000224816 -2.33015 -0.0128492 -2.51761e-05 0.999917 127.837
0.999741 0.0180347 0.0138729 -0.800638 -0.0180448 0.999837 0.000605286 -2.34928 -0.0138598 -0.000855464 0.999904 129.199
0.999755 0.0172657 0.0138459 -0.785814 -0.017283 0.99985 0.00112992 -2.38151 -0.0138243 -0.00136894 0.999904 130.566
0.999795 0.0142134 0.0144289 -0.758156 -0.014237 0.999897 0.00153588 -2.39863 -0.0144056 -0.00174099 0.999895 131.559
0.999821 0.0125867 0.0141013 -0.739817 -0.0126202 0.999918 0.00229189 -2.42161 -0.0140713 -0.00246944 0.999898 132.899
0.999849 0.01098 0.013441 -0.728088 -0.0110061 0.999938 0.00187155 -2.44244 -0.0134196 -0.0020192 0.999908 134.247
0.999871 0.0106044 0.0121002 -0.71818 -0.0106245 0.999942 0.00159377 -2.47418 -0.0120826 -0.00172213 0.999926 135.717
0.999897 0.0092032 0.0110204 -0.70894 -0.00923273 0.999954 0.00263183 -2.49956 -0.0109957 -0.00273331 0.999936 137.061
0.999925 0.0074281 0.00969853 -0.693497 -0.00745491 0.999968 0.00273036 -2.51799 -0.00967794 -0.00280246 0.999949 138.402
0.999931 0.00741636 0.00916335 -0.692715 -0.00744122 0.999969 0.00268231 -2.53362 -0.00914317 -0.00275031 0.999954 139.597
0.999942 0.00713949 0.00804287 -0.689493 -0.00715616 0.999972 0.00204666 -2.55469 -0.00802803 -0.0021041 0.999966 140.933
0.999951 0.00698667 0.0070791 -0.683958 -0.00699959 0.999974 0.00180177 -2.581 -0.00706632 -0.00185124 0.999973 142.284
0.999968 0.00482997 0.00640574 -0.684723 -0.00482713 0.999988 -0.000457655 -2.60827 -0.00640787 0.000426719 0.999979 143.63
0.999985 -0.000615832 0.00535648 -0.678106 0.000620717 0.999999 -0.000910321 -2.63008 -0.00535591 0.000913632 0.999985 144.963
0.999958 -0.00805729 0.00443598 -0.668642 0.00805073 0.999966 0.00149469 -2.6555 -0.00444787 -0.00145891 0.999989 146.31
0.999876 -0.0156065 0.00185044 -0.664305 0.015602 0.999875 0.0024342 -2.67708 -0.0018882 -0.00240502 0.999995 147.498
0.999821 -0.0189238 0.000873881 -0.66026 0.0189247 0.99982 -0.000977326 -2.70003 -0.000855229 0.000993689 0.999999 148.83
0.999826 -0.018616 0.000943937 -0.656211 0.0186195 0.999819 -0.00380974 -2.73209 -0.000872845 0.00382665 0.999992 150.173
0.999902 -0.0138494 0.00213721 -0.672644 0.0138628 0.999883 -0.00640637 -2.76667 -0.00204824 0.00643537 0.999977 151.582
0.999901 -0.0137955 0.00280591 -0.672462 0.0138135 0.999884 -0.0064721 -2.79708 -0.0027163 0.00651021 0.999975 152.939
0.999845 -0.017313 0.00325102 -0.663206 0.0173227 0.999845 -0.00298834 -2.82996 -0.00319878 0.00304419 0.99999 154.293
0.999768 -0.0212419 0.00355531 -0.663389 0.0212438 0.999774 -0.000511123 -2.86223 -0.00354365 0.000586533 0.999994 155.572
0.999676 -0.0252225 0.00349713 -0.655224 0.0252196 0.999682 0.000857259 -2.88648 -0.00351763 -0.000768785 0.999994 156.926
0.999628 -0.0270328 0.0035015 -0.650226 0.0270298 0.999634 0.000902901 -2.91314 -0.00352463 -0.00080792 0.999993 158.283
0.99967 -0.0253029 0.0044547 -0.646478 0.0252971 0.999679 0.00134892 -2.93413 -0.0044874 -0.00123579 0.999989 159.8
0.999752 -0.0216011 0.00532771 -0.646016 0.021598 0.999767 0.000637707 -2.95742 -0.00534024 -0.000522481 0.999986 161.153
0.999822 -0.0177474 0.00640622 -0.652561 0.017759 0.999841 -0.0017576 -2.97833 -0.00637401 0.00187106 0.999978 162.514
0.999834 -0.0170125 0.00645425 -0.660156 0.017026 0.999853 -0.00203711 -2.98977 -0.00641865 0.00214667 0.999977 163.936
0.999861 -0.0153519 0.00655104 -0.652405 0.0153577 0.999882 -0.000834035 -3.01383 -0.00653746 0.000934528 0.999978 165.311
0.99989 -0.0135189 0.00605941 -0.644901 0.0135255 0.999908 -0.00106111 -3.0479 -0.00604451 0.00114296 0.999981 166.681
0.999924 -0.0108786 0.00582114 -0.627993 0.0109005 0.999934 -0.00373629 -3.08293 -0.00578011 0.00379946 0.999976 167.975
0.999961 -0.00708606 0.00529926 -0.630324 0.0071208 0.999953 -0.006566 -3.11148 -0.00525248 0.00660347 0.999964 169.338
0.999986 -0.00172685 0.00509809 -0.640498 0.00176742 0.999967 -0.0079653 -3.1398 -0.00508416 0.0079742 0.999955 170.74
0.999977 0.00379314 0.00555734 -0.641811 -0.00375508 0.99997 -0.00684301 -3.18507 -0.00558313 0.00682198 0.999961 172.082
0.999958 0.00664557 0.0062942 -0.646355 -0.00661485 0.999966 -0.00488827 -3.21472 -0.00632647 0.00484643 0.999968 173.474
0.999951 0.00782903 0.00612497 -0.644874 -0.00781135 0.999965 -0.0029041 -3.2396 -0.00614749 0.00285611 0.999977 174.874
0.999966 0.00567656 0.00604278 -0.629981 -0.00566157 0.999981 -0.00249447 -3.24789 -0.00605682 0.00246017 0.999979 176.238
0.999986 0.00304712 0.00442202 -0.629034 -0.00303718 0.999993 -0.00225267 -3.27815 -0.00442885 0.0022392 0.999988 177.612
0.999992 0.00320526 0.00246159 -0.630512 -0.00318859 0.999972 -0.0067455 -3.30477 -0.00248314 0.0067376 0.999974 178.993
0.999991 0.00408847 0.000998901 -0.627413 -0.00407816 0.999941 -0.0101119 -3.35252 -0.00104018 0.0101077 0.999948 180.398
0.99996 0.00889254 0.00046882 -0.642964 -0.00888699 0.999903 -0.0107377 -3.3864 -0.00056426 0.0107331 0.999942 181.808
0.999929 0.0118777 -5.49255e-05 -0.642743 -0.0118777 0.999885 -0.0094656 -3.42927 -5.75104e-05 0.00946559 0.999955 183.221
0.999903 0.0138966 0.000302073 -0.67178 -0.0138944 0.999884 -0.0062649 -3.46257 -0.000389098 0.00626009 0.99998 184.591
0.999897 0.0143615 0.000612709 -0.677707 -0.0143589 0.999888 -0.0041061 -3.49398 -0.000671611 0.00409688 0.999991 186
0.999904 0.0138719 0.000651402 -0.682929 -0.0138695 0.999898 -0.00352106 -3.51489 -0.000700179 0.00351169 0.999994 187.409
0.999924 0.0123139 0.000722845 -0.692563 -0.0123117 0.99992 -0.00294079 -3.54231 -0.000759 0.00293167 0.999995 188.825
0.999953 0.0097203 0.000662296 -0.693446 -0.0097187 0.99995 -0.00238032 -3.56633 -0.0006854 0.00237377 0.999997 190.256
0.999972 0.00739413 0.00119068 -0.703626 -0.00739084 0.999969 -0.00274551 -3.58908 -0.00121094 0.00273663 0.999996 191.68
0.99999 0.00414401 0.00162205 -0.698304 -0.00414198 0.999991 -0.00125316 -3.6343 -0.00162723 0.00124643 0.999998 193.246
0.999997 -0.000154088 0.00225296 -0.70106 0.000154055 1 1.48564e-05 -3.6523 -0.00225296 -1.45093e-05 0.999997 194.677
0.999992 -0.00310783 0.0024899 -0.69717 0.00310809 0.999995 -0.000100809 -3.67656 -0.00248958 0.000108547 0.999997 196.105
0.999995 -0.00230997 0.00230281 -0.693053 0.00231965 0.999988 -0.00420902 -3.68832 -0.00229306 0.00421434 0.999988 197.454
0.999985 0.00471105 0.0028335 -0.705974 -0.00468465 0.999946 -0.00924969 -3.71731 -0.00287692 0.00923628 0.999953 198.881
0.999894 0.0138847 0.00433269 -0.72577 -0.013845 0.999863 -0.00905889 -3.75973 -0.00445788 0.00899795 0.99995 200.318
0.999738 0.0222647 0.00533653 -0.746023 -0.0222342 0.999736 -0.00570891 -3.79105 -0.00546224 0.00558876 0.999969 201.684
0.999708 0.0233161 0.00630887 -0.751375 -0.023294 0.999722 -0.00355767 -3.82037 -0.00639007 0.00340967 0.999974 203.135
0.999749 0.0216364 0.00581913 -0.748578 -0.0216182 0.999761 -0.00318049 -3.84437 -0.00588656 0.00305389 0.999978 204.591
0.999775 0.0205334 0.00528433 -0.751609 -0.0205172 0.999785 -0.00310203 -3.89545 -0.00534689 0.00299291 0.999981 206.046
0.999819 0.0184614 0.00451036 -0.751729 -0.0184454 0.999823 -0.00357929 -3.92707 -0.00457564 0.00349545 0.999983 207.502
0.999814 0.0189045 0.00386274 -0.75259 -0.0188887 0.999813 -0.00407597 -3.95538 -0.00393907 0.00400225 0.999984 208.978
0.999804 0.0194869 0.00349191 -0.758931 -0.0194728 0.999802 -0.004015 -3.9741 -0.00356946 0.00394622 0.999986 210.465
0.999775 0.0209057 0.00356015 -0.770426 -0.0208951 0.999777 -0.00299225 -4.00655 -0.00362191 0.00291719 0.999989 211.943
0.999791 0.0201555 0.00335509 -0.777781 -0.0201448 0.999792 -0.00318165 -4.0475 -0.00341852 0.0031134 0.999989 213.418
0.99981 0.0193403 0.00229651 -0.787525 -0.0193296 0.999803 -0.00459071 -4.0652 -0.00238484 0.00454545 0.999987 214.855
0.999827 0.0185051 0.0020981 -0.796965 -0.0184951 0.999818 -0.00468472 -4.09835 -0.00218441 0.0046451 0.999987 216.35
0.999816 0.0190968 0.00198014 -0.818211 -0.0190869 0.999806 -0.00490568 -4.13025 -0.00207344 0.00486698 0.999986 217.847
0.999805 0.0197033 0.00118742 -0.796906 -0.0196967 0.999791 -0.00538759 -4.17548 -0.00129333 0.00536315 0.999985 219.182
0.999807 0.0196037 0.000969615 -0.803426 -0.019598 0.999792 -0.00559397 -4.20564 -0.00107908 0.00557389 0.999984 220.674
0.999784 0.0207558 0.000665363 -0.815645 -0.0207517 0.999769 -0.00561497 -4.24998 -0.000781753 0.00559995 0.999984 222.167
0.999788 0.0205863 0.000153065 -0.809285 -0.020585 0.999769 -0.00618611 -4.26732 -0.000280378 0.00618165 0.999981 223.759
0.999782 0.0208589 -1.45289e-05 -0.822262 -0.0208586 0.999765 -0.00598029 -4.30256 -0.000110217 0.00597929 0.999982 225.268
0.999797 0.0201689 -0.000171044 -0.828391 -0.0201695 0.999777 -0.0062295 -4.33231 4.53639e-05 0.00623168 0.999981 226.777
0.999809 0.0195531 0.00048134 -0.866831 -0.0195495 0.999787 -0.00659209 -4.36591 -0.000610133 0.00658141 0.999978 228.318
0.999829 0.0184952 0.000841291 -0.880597 -0.0184895 0.999809 -0.00627415 -4.39913 -0.000957172 0.00625752 0.99998 229.831
0.99986 0.0167255 0.00073675 -0.877861 -0.0167215 0.999847 -0.0052231 -4.43979 -0.000823996 0.00521005 0.999986 231.353
0.999864 0.0164944 0.000189536 -0.883978 -0.0164933 0.999852 -0.00498333 -4.47055 -0.000271705 0.00497952 0.999988 232.728
0.999859 0.016765 0.00010308 -0.886814 -0.0167642 0.999845 -0.00530452 -4.50264 -0.000191994 0.00530205 0.999986 234.253
0.99984 0.0178475 0.000894687 -0.915818 -0.0178416 0.999822 -0.00619683 -4.53303 -0.00100513 0.00617988 0.99998 235.773
0.999818 0.0190308 0.00114959 -0.900801 -0.0190248 0.999806 -0.00507152 -4.58163 -0.00124588 0.00504873 0.999986 237.224
0.99981 0.0194143 0.0019945 -0.909731 -0.0194083 0.999807 -0.00295623 -4.61451 -0.0020515 0.00291696 0.999994 238.743
0.999804 0.0196123 0.00279111 -0.922344 -0.0196051 0.999804 -0.00257156 -4.64655 -0.002841 0.00251633 0.999993 240.286
0.999833 0.0180698 0.00279081 -0.938186 -0.0180588 0.999829 -0.00393171 -4.66109 -0.00286138 0.00388066 0.999988 241.925
0.999837 0.0178185 0.00294518 -0.934817 -0.0178034 0.999829 -0.00506201 -4.69503 -0.00303487 0.00500875 0.999983 243.445
0.999816 0.0189081 0.00319548 -0.939263 -0.018894 0.999812 -0.00441022 -4.73646 -0.00327827 0.00434903 0.999985 244.999
0.999797 0.0198311 0.00366213 -0.941959 -0.0198171 0.999796 -0.00382001 -4.75172 -0.00373714 0.00374666 0.999986 246.459
0.999795 0.0199479 0.00333662 -0.942402 -0.0199378 0.999797 -0.00305287 -4.78778 -0.00339684 0.00298572 0.99999 247.976
0.999794 0.0200456 0.00303498 -0.947818 -0.0200358 0.999794 -0.00323994 -4.81271 -0.0030993 0.00317847 0.99999 249.528
0.999758 0.021735 0.00341297 -0.966758 -0.021725 0.99976 -0.00295499 -4.85766 -0.00347638 0.00288013 0.99999 251.153
0.999728 0.0230321 0.00356365 -0.972346 -0.0230206 0.99973 -0.00324573 -4.88069 -0.00363744 0.00316281 0.999988 252.698
0.999732 0.0229531 0.0030929 -0.97038 -0.0229445 0.999733 -0.00276796 -4.91774 -0.0031556 0.00269626 0.999991 254.259
0.99973 0.0229523 0.00350582 -0.979152 -0.0229431 0.999733 -0.00262893 -4.96225 -0.00356522 0.00254779 0.99999 255.571
0.999776 0.0208632 0.00344364 -0.980696 -0.0208567 0.999781 -0.00191834 -4.98773 -0.00348291 0.00184609 0.999992 257.126
0.999817 0.0188124 0.00337451 -0.979275 -0.018808 0.999822 -0.00131612 -5.01414 -0.00339867 0.00125242 0.999993 258.684
0.999831 0.0181031 0.00306168 -0.938597 -0.018097 0.999834 -0.00201277 -5.05548 -0.00309761 0.00195702 0.999993 260.281
0.999855 0.016839 0.0024446 -0.92719 -0.0168315 0.999854 -0.0030281 -5.07965 -0.00249523 0.00298651 0.999992 261.834
0.999883 0.0149116 0.00328467 -0.931548 -0.0149079 0.999888 -0.00115658 -5.11303 -0.00330155 0.00110747 0.999994 263.393
0.999923 0.0118976 0.00362197 -0.932146 -0.011901 0.999929 0.000921737 -5.14495 -0.00361075 -0.000964771 0.999993 265.081
0.999934 0.0108886 0.00376897 -0.933008 -0.010889 0.999941 7.90274e-05 -5.16821 -0.00376788 -0.000120062 0.999993 266.626
0.999942 0.00987417 0.00437927 -0.929468 -0.00987111 0.999951 -0.000718056 -5.19878 -0.00438614 0.000674786 0.99999 268.152
0.999928 0.0108081 0.00527518 -0.959231 -0.0108009 0.999941 -0.00139797 -5.23513 -0.00528997 0.00134089 0.999985 269.454
0.999904 0.012395 0.0061287 -0.960553 -0.0123875 0.999922 -0.00126692 -5.26432 -0.00614393 0.00119088 0.99998 271.007
0.999871 0.0143303 0.00721301 -0.960489 -0.0143187 0.999896 -0.00165814 -5.29684 -0.00723603 0.00155465 0.999973 272.53
0.999828 0.0167768 0.00791929 -0.953301 -0.0167586 0.999857 -0.00235107 -5.31991 -0.0079576 0.00221795 0.999966 274.169
0.999807 0.0175002 0.00890166 -0.952994 -0.0174794 0.999844 -0.00241046 -5.35519 -0.00894246 0.0022544 0.999957 275.714
0.999804 0.0173732 0.00948373 -0.947477 -0.017342 0.999844 -0.00336664 -5.37907 -0.00954074 0.00320151 0.999949 277.274
0.99982 0.0164185 0.00955823 -0.922471 -0.0163815 0.999858 -0.00393918 -5.40876 -0.00962155 0.00378189 0.999947 278.739
0.99982 0.0157197 0.010594 -0.917201 -0.0156836 0.999871 -0.00348422 -5.44168 -0.0106474 0.00331744 0.999938 280.293
0.999832 0.0146091 0.011092 -0.908467 -0.0145811 0.99989 -0.00260164 -5.47562 -0.0111288 0.00243947 0.999935 281.863
0.999858 0.0123726 0.0114293 -0.90533 -0.0123518 0.999922 -0.00188955 -5.50372 -0.0114518 0.00174811 0.999933 283.605
0.999865 0.0119957 0.0112577 -0.892292 -0.0119469 0.999919 -0.00439186 -5.53482 -0.0113095 0.00425677 0.999927 285.164
0.999876 0.0112018 0.0110464 -0.884318 -0.0111298 0.999917 -0.00656365 -5.5668 -0.011119 0.00643989 0.999917 286.72
0.999886 0.0109785 0.0103389 -0.88021 -0.0109119 0.999919 -0.00647532 -5.60783 -0.0104092 0.00636176 0.999926 288.25
0.999913 0.00933732 0.00933125 -0.869841 -0.00927829 0.999937 -0.00634968 -5.64357 -0.00938995 0.00626255 0.999936 289.811
0.999921 0.00934264 0.0084118 -0.863885 -0.00928521 0.999933 -0.00684079 -5.67947 -0.00847515 0.00676214 0.999941 291.38
0.999931 0.00891959 0.00767597 -0.848873 -0.00886409 0.999935 -0.00723385 -5.70822 -0.00773999 0.00716531 0.999944 292.859
0.999941 0.0084003 0.00689711 -0.839598 -0.00835501 0.999944 -0.00656898 -5.74646 -0.0069519 0.00651097 0.999955 294.414
0.999951 0.00795047 0.00582832 -0.838636 -0.00791308 0.999948 -0.00641047 -5.78371 -0.00587898 0.00636403 0.999962 296.006
0.999955 0.00790551 0.00519731 -0.842495 -0.0078787 0.999956 -0.00515942 -5.81348 -0.00523787 0.00511824 0.999973 297.532
0.999945 0.00946927 0.0045184 -0.841292 -0.00945235 0.999948 -0.00375051 -5.84597 -0.00455369 0.00370759 0.999983 299.121
0.999934 0.0100997 0.00541866 -0.848465 -0.0100795 0.999942 -0.00374352 -5.87677 -0.00545616 0.00368865 0.999978 300.707
0.999899 0.0124985 0.00673823 -0.837719 -0.0124703 0.999913 -0.00420846 -5.91946 -0.00679025 0.00412401 0.999968 302.437
0.999911 0.0112468 0.00711638 -0.834962 -0.0112156 0.999927 -0.00441473 -5.94894 -0.00716552 0.00433453 0.999965 304.043
0.999931 0.00918825 0.00735553 -0.82634 -0.00914987 0.999944 -0.00523456 -5.98956 -0.00740322 0.00516689 0.999959 305.641
0.99995 0.00693822 0.00718765 -0.819831 -0.00688489 0.999949 -0.00741842 -6.01608 -0.00723875 0.00736856 0.999947 307.161
0.999956 0.00644568 0.00684836 -0.810978 -0.00638827 0.999945 -0.00837214 -6.0553 -0.00690194 0.00832802 0.999942 308.769
0.999962 0.00738791 0.00467412 -0.812437 -0.00734355 0.999928 -0.00943938 -6.09209 -0.00474353 0.0094047 0.999945 310.385
0.999955 0.00881815 0.00359208 -0.815577 -0.00878765 0.999926 -0.00842147 -6.12731 -0.00366607 0.00838952 0.999958 312.002
0.999944 0.0100623 0.00324583 -0.823298 -0.0100457 0.999937 -0.00508452 -6.1643 -0.00329679 0.00505163 0.999982 313.626
0.999955 0.00872227 0.00376535 -0.819522 -0.00871434 0.99996 -0.00211818 -6.1954 -0.00378368 0.00208527 0.999991 315.258
0.99997 0.00710368 0.00321965 -0.809869 -0.00709928 0.999974 -0.00137666 -6.22939 -0.00322934 0.00135376 0.999994 316.899
0.999974 0.00633299 0.00355459 -0.81283 -0.0063232 0.999976 -0.00275857 -6.25714 -0.00357198 0.00273602 0.99999 318.525
0.999981 0.00499285 0.00370437 -0.80939 -0.00498236 0.999984 -0.00283654 -6.28603 -0.00371848 0.00281803 0.999989 320.156
0.99998 0.00480269 0.00401373 -0.804179 -0.00479367 0.999986 -0.00225424 -6.33666 -0.0040245 0.00223495 0.999989 321.765
0.99998 0.00437882 0.00454572 -0.804953 -0.00436936 0.999988 -0.00208873 -6.36993 -0.00455481 0.00206882 0.999987 323.387
0.999971 0.00592866 0.00472045 -0.79821 -0.00591441 0.999978 -0.00302713 -6.40599 -0.00473829 0.00299912 0.999984 325.032
0.999963 0.00673377 0.00537235 -0.82185 -0.00671277 0.99997 -0.00391803 -6.42998 -0.00539857 0.00388182 0.999978 326.57
0.999968 0.00535887 0.00594736 -0.817812 -0.00534805 0.999984 -0.0018327 -6.4639 -0.00595709 0.00180083 0.999981 328.202
0.999969 0.00465702 0.00629167 -0.825878 -0.00465033 0.999989 -0.0010771 -6.49691 -0.00629661 0.00104781 0.99998 329.821
0.999971 0.00420118 0.00636767 -0.808461 -0.00418634 0.999988 -0.00234189 -6.53753 -0.00637744 0.00231516 0.999977 331.458
0.999965 0.0053933 0.00637728 -0.808147 -0.00537935 0.999983 -0.00220308 -6.57114 -0.00638905 0.0021687 0.999977 333.084
0.999958 0.00695189 0.0059863 -0.802702 -0.00692753 0.999968 -0.00408085 -6.61049 -0.00601448 0.00403921 0.999974 334.721
0.99993 0.0102988 0.00578044 -0.80381 -0.0102549 0.999919 -0.00757149 -6.65074 -0.00585795 0.00751169 0.999955 336.467
0.999923 0.011362 0.00489399 -0.800807 -0.0113277 0.999912 -0.00696221 -6.69348 -0.00497266 0.00690623 0.999964 338.082
0.999918 0.012142 0.00403503 -0.808509 -0.012127 0.99992 -0.00372329 -6.72333 -0.00407991 0.00367405 0.999985 339.723
0.999899 0.0137439 0.00369644 -0.809388 -0.0137409 0.999905 -0.000817406 -6.76003 -0.00370733 0.00076653 0.999993 341.276
0.999893 0.0143745 0.0025835 -0.822578 -0.0143697 0.999895 -0.00190278 -6.79565 -0.00261058 0.00186545 0.999995 342.882
0.999908 0.0135383 0.000396164 -0.820975 -0.013537 0.999903 -0.00314581 -6.83708 -0.000438715 0.00314016 0.999995 344.5
0.999924 0.0122193 -0.00131361 -0.82859 -0.012222 0.999923 -0.00205224 -6.86544 0.00128843 0.00206814 0.999997 346.077
0.999941 0.0106463 -0.00220375 -0.837447 -0.0106493 0.999942 -0.00137437 -6.90103 0.00218899 0.00139776 0.999997 347.672
0.999943 0.0103894 -0.00253446 -0.851589 -0.0103954 0.999943 -0.00236051 -6.92875 0.00250979 0.00238673 0.999994 349.269
0.999943 0.0100288 -0.00355997 -0.845885 -0.0100399 0.999945 -0.00312277 -6.9648 0.00352846 0.00315834 0.999989 350.59
0.999947 0.00956916 -0.00376464 -0.855527 -0.00958037 0.99995 -0.0029732 -7.00229 0.003736 0.00300911 0.999988 352.194
0.999951 0.00910633 -0.00379916 -0.862672 -0.00911809 0.999954 -0.00309143 -7.03864 0.00377083 0.00312592 0.999988 353.79
0.999959 0.00815858 -0.00390287 -0.907069 -0.00817397 0.999959 -0.00394465 -7.06556 0.00387052 0.00397639 0.999985 355.468
0.999961 0.00779389 -0.00411265 -0.920115 -0.00781204 0.99996 -0.00441562 -7.10321 0.00407807 0.00444757 0.999982 357.047
0.999965 0.00734722 -0.00404711 -0.936552 -0.00736158 0.999967 -0.00354468 -7.15656 0.00402093 0.00357435 0.999986 358.644
0.999967 0.00704273 -0.00394076 -0.943242 -0.00706194 0.999963 -0.00488137 -7.17843 0.00390624 0.00490904 0.99998 360.41
0.999978 0.00515618 -0.00408583 -0.954257 -0.00518034 0.999969 -0.00592574 -7.2189 0.00405515 0.00594678 0.999974 361.988
0.999985 0.00387475 -0.00398357 -0.96765 -0.00389082 0.999984 -0.00403428 -7.25688 0.00396788 0.00404971 0.999984 363.598
0.99999 0.00192304 -0.0041494 -0.980526 -0.00193815 0.999991 -0.0036421 -7.28085 0.00414236 0.00365011 0.999985 364.954
0.999991 0.00149216 -0.00393322 -0.995753 -0.00150973 0.999989 -0.00446689 -7.31677 0.00392651 0.00447279 0.999982 366.559
0.99999 0.00258237 -0.00359364 -1.01605 -0.0026014 0.999983 -0.00529991 -7.34154 0.00357989 0.0053092 0.999979 368.122
0.999985 0.0043748 -0.0032332 -0.995488 -0.00438905 0.999981 -0.00441428 -7.39882 0.00321382 0.0044284 0.999985 369.54
0.99998 0.00596613 -0.00232052 -1.02147 -0.00597483 0.999975 -0.00376077 -7.42633 0.00229802 0.00377456 0.99999 371.127
0.999983 0.0054243 -0.00229676 -1.02882 -0.0054326 0.999979 -0.00362338 -7.46532 0.00227705 0.00363579 0.999991 372.72
0.999974 0.00696696 -0.00189251 -1.02723 -0.00697694 0.999961 -0.00532231 -7.51366 0.00185536 0.00533538 0.999984 374.29
0.999973 0.00721983 -0.00156756 -1.04257 -0.00722831 0.999959 -0.00547578 -7.54955 0.00152796 0.00548696 0.999984 375.902
0.999971 0.00744906 -0.00135276 -1.05349 -0.00745663 0.999956 -0.00568058 -7.58331 0.00131039 0.00569051 0.999983 377.509
0.99995 0.0099199 -0.00136515 -1.05523 -0.0099279 0.999933 -0.00598317 -7.62068 0.00130571 0.00599642 0.999981 379.192
0.999939 0.0110322 -0.000880561 -1.07256 -0.0110368 0.999924 -0.00543709 -7.65215 0.000820511 0.00544648 0.999985 380.81
0.999916 0.0129128 -0.000579857 -1.08861 -0.0129162 0.999896 -0.00638814 -7.68701 0.000497308 0.0063951 0.999979 382.421
0.9999 0.0141536 -0.000523088 -1.08963 -0.0141568 0.999877 -0.00672384 -7.73579 0.000427858 0.00673057 0.999977 383.911
0.999899 0.0142051 -3.9136e-05 -1.10183 -0.0142051 0.999879 -0.00628824 -7.78153 -5.0194e-05 0.00628816 0.99998 385.52
0.999874 0.0158473 0.0001867 -1.11323 -0.015846 0.999858 -0.00568243 -7.81137 -0.000276725 0.00567876 0.999984 387.135
0.999878 0.0155915 -0.00107832 -1.09894 -0.0155971 0.999864 -0.0054203 -7.84347 0.000993664 0.00543646 0.999985 388.813
0.999862 0.0165852 -0.000705451 -1.11491 -0.0165891 0.999844 -0.00598658 -7.8761 0.000606053 0.00599745 0.999982 390.447