1 0 0 0 0 1 0 0 0 0 1 0
1 -0.000857305 -7.54105e-06 -0.0110657 0.000857305 1 -7.64657e-05 -0.0214055 7.6066e-06 7.64592e-05 1 1.04158
0.999997 -0.00229587 0.000395232 -0.044312 0.00229519 0.999996 0.00169751 -0.0490249 -0.000399128 -0.00169659 0.999998 1.56111
0.999989 -0.00386484 -0.00260023 -0.0261981 0.0038678 0.999992 0.00113655 -0.043365 0.00259581 -0.00114659 0.999996 2.08051
0.999998 -0.00193081 -1.5917e-05 -0.0310535 0.00193083 0.999997 0.00138871 -0.0490215 1.32356e-05 -0.00138874 0.999999 2.60105
0.999996 -0.00260705 -0.000615678 -0.0355979 0.00260723 0.999997 0.000289197 -0.145028 0.000614922 -0.000290801 1 8.01821
1 0.00012223 -0.000777862 -0.0444422 -0.000123796 0.999998 -0.00201353 -0.165294 0.000777615 0.00201362 0.999998 9.36865
0.999993 0.00373082 -0.00052866 -0.0584163 -0.00373228 0.999989 -0.00278272 -0.19086 0.000518272 0.00278468 0.999996 10.7142
0.99998 0.00632175 -0.000228739 -0.0613994 -0.00632247 0.999975 -0.0032965 -0.207075 0.000207893 0.00329788 0.999995 12.039
0.999973 0.0073562 -5.05635e-05 -0.0696257 -0.0073563 0.99997 -0.00237057 -0.233268 3.31236e-05 0.00237087 0.999997 13.3987
0.999987 0.00505936 0.000555061 -0.0800648 -0.00505947 0.999987 0.00020974 -0.253222 -0.000553993 -0.000212545 1 14.7516
1 0.000820697 0.00022029 -0.0725249 -0.000821163 0.999997 0.00212539 -0.27936 -0.000218546 -0.00212557 0.999998 16.1406
0.999999 -0.00146435 -2.57853e-05 -0.0765119 0.00146435 0.999999 -0.000150407 -0.3019 2.60055e-05 0.000150369 1 17.5041
0.999997 -0.00260942 -0.000116624 -0.0849 0.00260915 0.999994 -0.00222945 -0.321704 0.00012244 0.00222914 0.999998 18.8763
1 -8.52293e-05 0.000655138 -0.0969528 8.76262e-05 0.999993 -0.0036595 -0.353812 -0.000654821 0.00365956 0.999993 20.2163
0.999995 0.00278856 0.00154519 -0.109815 -0.00278588 0.999995 -0.00173429 -0.375347 -0.00155002 0.00172998 0.999997 21.5887
0.999993 0.00324952 0.00209197 -0.120862 -0.00325348 0.999993 0.00189064 -0.401876 -0.00208581 -0.00189743 0.999996 22.9689
0.999996 0.00108173 0.00258985 -0.113885 -0.00109117 0.999993 0.0036476 -0.412601 -0.00258589 -0.00365041 0.99999 24.3814
0.999993 -0.00280537 0.00233478 -0.116822 0.00280129 0.999995 0.00174734 -0.431346 -0.00233967 -0.00174078 0.999996 25.76
0.999993 -0.0030155 0.00227655 -0.119028 0.00301663 0.999995 -0.000494044 -0.454814 -0.00227505 0.000500908 0.999997 27.1382
0.999989 -0.0038598 0.00253788 -0.105861 0.00386764 0.999988 -0.00309239 -0.483344 -0.00252591 0.00310217 0.999992 28.6144
0.999995 -0.000494462 0.00325902 -0.113471 0.000506889 0.999993 -0.00381338 -0.509094 -0.00325711 0.00381501 0.999987 30.0077
0.999993 0.000317314 0.00374613 -0.122272 -0.000294808 0.999982 -0.00600676 -0.540065 -0.00374796 0.00600561 0.999975 31.3988
0.999992 0.00182286 0.00350496 -0.113589 -0.00180355 0.999983 -0.00550247 -0.570504 -0.00351494 0.00549611 0.999979 32.7552
0.999993 0.00169795 0.00322131 -0.111712 -0.00168442 0.99999 -0.00419935 -0.603868 -0.00322841 0.00419389 0.999986 34.1544
0.999991 0.00302311 0.00298812 -0.120184 -0.00301539 0.999992 -0.00258615 -0.632299 -0.00299591 0.00257712 0.999992 35.561
0.999982 0.00522114 0.00300762 -0.133652 -0.00521425 0.999984 -0.00229247 -0.644435 -0.00301954 0.00227675 0.999993 36.9454
0.999965 0.00776372 0.00319687 -0.142466 -0.00775518 0.999966 -0.00267759 -0.673364 -0.00321755 0.00265271 0.999991 38.3638
0.999943 0.010173 0.00320739 -0.150797 -0.0101656 0.999946 -0.00233509 -0.697325 -0.00323097 0.00230235 0.999992 39.7874
0.999934 0.0111009 0.00289513 -0.14493 -0.0110939 0.999936 -0.00239864 -0.729151 -0.00292157 0.00236636 0.999993 41.246
0.999948 0.00995835 0.00239099 -0.147828 -0.00995229 0.999947 -0.0025309 -0.754194 -0.00241607 0.00250697 0.999994 42.6736
0.999955 0.00934318 0.00179173 -0.157211 -0.00933799 0.999952 -0.00288163 -0.783596 -0.00181857 0.00286476 0.999994 44.0989
0.999968 0.00803468 0.000433071 -0.149943 -0.00803361 0.999965 -0.00241602 -0.817112 -0.000452468 0.00241246 0.999997 45.634
0.999965 0.00834474 -0.000582 -0.158151 -0.00834546 0.999964 -0.00124659 -0.845647 0.000571576 0.0012514 0.999999 47.0715
0.999959 0.00890863 -0.00151 -0.171062 -0.00891114 0.999959 -0.00166304 -0.871721 0.00149512 0.00167643 0.999997 48.5161
0.999949 0.00971764 -0.00259949 -0.183473 -0.00972072 0.999952 -0.00117232 -0.90069 0.00258798 0.00119753 0.999996 49.9189
0.999944 0.00989594 -0.00368995 -0.195729 -0.00989718 0.999951 -0.00031698 -0.924274 0.00368663 0.000353482 0.999993 51.3542
0.999957 0.00809749 -0.00442585 -0.202156 -0.0080948 0.999967 0.000625432 -0.953219 0.00443077 -0.000589579 0.99999 52.8064
0.999966 0.00672199 -0.00482649 -0.216452 -0.00671783 0.999977 0.000876479 -0.980445 0.00483227 -0.000844025 0.999988 54.2574
0.999978 0.00380548 -0.00538709 -0.225724 -0.00380429 0.999993 0.000230662 -1.0031 0.00538793 -0.000210163 0.999985 55.6906
0.999979 0.00357258 -0.00534715 -0.237515 -0.00357025 0.999994 0.000446644 -1.02977 0.00534871 -0.000427544 0.999986 57.1301
0.999985 0.000934506 -0.00544965 -0.23893 -0.000927433 0.999999 0.00130038 -1.06658 0.00545086 -0.0012953 0.999984 58.6197
0.999988 -0.000338385 -0.00495626 -0.250188 0.000347796 0.999998 0.00189804 -1.0901 0.00495561 -0.00189974 0.999986 60.0541
0.999988 -0.00189199 -0.00442548 -0.262488 0.00189873 0.999997 0.00151987 -1.11366 0.00442259 -0.00152825 0.999989 61.4771
0.999992 -0.00228482 -0.00341354 -0.303524 0.00228721 0.999997 0.000695296 -1.14272 0.00341194 -0.000703098 0.999994 62.9516
0.999995 -0.00143183 -0.0028491 -0.311327 0.00143224 0.999999 0.000141505 -1.16422 0.00284889 -0.000145585 0.999996 64.3816
0.999998 -5.30448e-05 -0.00214173 -0.323625 5.27499e-05 1 -0.000137754 -1.18989 0.00214174 0.00013764 0.999998 65.819
0.999996 0.00197095 -0.00210662 -0.323063 -0.00196739 0.999997 0.00169208 -1.2247 0.00210995 -0.00168793 0.999996 67.1606
0.999983 0.00565229 -0.00133373 -0.336125 -0.00564855 0.99998 0.00278991 -1.24579 0.00134947 -0.00278233 0.999995 68.5845
0.999954 0.00959812 -0.000523977 -0.357108 -0.00959636 0.999949 0.00327224 -1.26791 0.000555358 -0.00326706 0.999995 70.0095
0.999903 0.0139108 -1.54411e-06 -0.367046 -0.0139107 0.999899 0.00305448 -1.30303 4.40342e-05 -0.00305416 0.999995 71.4328
0.999855 0.0170235 0.000692694 -0.383702 -0.0170251 0.999852 0.00238598 -1.32561 -0.000651974 -0.00239743 0.999997 72.8472
0.999817 0.0190722 0.00119157 -0.390932 -0.0190748 0.999816 0.00216568 -1.34727 -0.00115004 -0.00218802 0.999997 74.2748
0.999815 0.0191527 0.00184884 -0.422743 -0.0191573 0.999813 0.00249514 -1.36607 -0.00180071 -0.0025301 0.999995 75.6114
0.999838 0.0178772 0.00205972 -0.432196 -0.0178817 0.999838 0.00219858 -1.3901 -0.00202008 -0.00223506 0.999995 77.0158
0.99986 0.0166281 0.00178108 -0.43099 -0.0166304 0.999861 0.00124508 -1.4081 -0.00176012 -0.00127452 0.999998 78.4052
0.999871 0.0159645 0.0015934 -0.436397 -0.0159668 0.999871 0.00145826 -1.43843 -0.00156991 -0.00148351 0.999998 79.851
0.999873 0.0158643 0.00152467 -0.446862 -0.0158668 0.999873 0.00165486 -1.46475 -0.00149822 -0.00167884 0.999997 81.2368
0.999878 0.0155819 0.00110185 -0.46031 -0.0155832 0.999878 0.00123032 -1.49178 -0.00108254 -0.00124734 0.999999 82.6253
0.999874 0.0158997 -0.000187611 -0.435972 -0.0158995 0.999873 0.00125868 -1.50149 0.0002076 -0.00125554 0.999999 83.9488
0.999883 0.0152397 -0.00112811 -0.449863 -0.0152373 0.999882 0.0021259 -1.52692 0.00116038 -0.00210846 0.999997 85.3319
0.99991 0.0132572 -0.00217517 -0.463851 -0.0132503 0.999907 0.00312811 -1.55264 0.00221644 -0.00309901 0.999993 86.7161
0.999933 0.011087 -0.00340482 -0.458559 -0.0110731 0.99993 0.00407357 -1.58977 0.00344974 -0.00403559 0.999986 87.9426
0.999951 0.00893747 -0.00413787 -0.469543 -0.00892097 0.999952 0.0039893 -1.60717 0.00417333 -0.0039522 0.999983 89.32
0.99996 0.0075859 -0.00470354 -0.476278 -0.00756862 0.999965 0.00368209 -1.63526 0.00473131 -0.00364634 0.999982 90.6878
0.999966 0.00635257 -0.00527748 -0.496467 -0.00633658 0.999975 0.0030409 -1.64433 0.00529667 -0.00300735 0.999981 92.029
0.999961 0.0069336 -0.0053787 -0.513498 -0.00692135 0.999973 0.00229159 -1.66506 0.00539444 -0.00225427 0.999983 93.3947
0.999963 0.00693565 -0.00509272 -0.538606 -0.00692614 0.999974 0.00188378 -1.69404 0.00510566 -0.00184844 0.999985 94.7515
0.999965 0.00669151 -0.00497449 -0.566925 -0.00668542 0.999977 0.00123827 -1.70825 0.00498267 -0.00120497 0.999987 96.2248
0.999958 0.00787218 -0.00470582 -0.5837 -0.00786457 0.999968 0.00163314 -1.73295 0.00471853 -0.00159606 0.999988 97.5754
0.999953 0.00856462 -0.00448972 -0.595363 -0.00855012 0.999958 0.00323947 -1.76563 0.00451727 -0.00320093 0.999985 98.9269
0.999934 0.0104419 -0.00481617 -0.589832 -0.0104212 0.999936 0.00431649 -1.7882 0.00486093 -0.00426602 0.999979 100.28
0.999943 0.00953052 -0.00480933 -0.600455 -0.00951671 0.999951 0.0028869 -1.80889 0.00483661 -0.00284097 0.999984 101.637
0.999942 0.00962934 -0.0048277 -0.60717 -0.00962748 0.999954 0.000408534 -1.82968 0.00483141 -0.000362032 0.999988 102.976
0.999949 0.00889138 -0.00486079 -0.634057 -0.00889428 0.99996 -0.000575119 -1.85839 0.00485548 0.000618323 0.999988 104.303
0.999967 0.00658998 -0.00466515 -0.645357 -0.00658772 0.999978 0.00050081 -1.8824 0.00466835 -0.000470061 0.999989 105.645
0.999983 0.00419489 -0.00393304 -0.660204 -0.0041848 0.999988 0.00257036 -1.90777 0.00394378 -0.00255386 0.999989 106.993
0.99999 0.00318915 -0.00307044 -0.67809 -0.00317907 0.99999 0.00328443 -1.9407 0.00308088 -0.00327463 0.99999 108.278
0.999994 0.00237768 -0.00236948 -0.6873 -0.00237324 0.999995 0.00187331 -1.9629 0.00237392 -0.00186767 0.999995 109.619
0.99999 0.00429671 -0.00156973 -0.707857 -0.00429745 0.999991 -0.000465987 -1.9879 0.00156771 0.000472728 0.999999 110.955
0.999975 0.00706244 -0.000387819 -0.716154 -0.0070634 0.999972 -0.00251933 -2.02415 0.000370016 0.002522 0.999997 112.273
0.999949 0.0100213 0.000971734 -0.727682 -0.0100189 0.999947 -0.0024171 -2.05089 -0.000995904 0.00240724 0.999997 113.611
0.999934 0.0112317 0.00245127 -0.738424 -0.0112306 0.999937 -0.000471821 -2.07278 -0.00245642 0.000444261 0.999997 114.948
0.999932 0.0111296 0.00353203 -0.728517 -0.0111357 0.999937 0.00169345 -2.08508 -0.00351296 -0.00173267 0.999992 116.263
0.999934 0.0106616 0.00423796 -0.725935 -0.0106706 0.999941 0.00210001 -2.10586 -0.00421532 -0.00214509 0.999989 117.612
0.999927 0.0108489 0.00536782 -0.729394 -0.0108571 0.99994 0.00149158 -2.12776 -0.00535132 -0.00154975 0.999984 118.953
0.999896 0.0128536 0.00651935 -0.719992 -0.01286 0.999917 0.000935694 -2.14754 -0.00650678 -0.00101944 0.999978 120.405
0.999858 0.0150433 0.00761051 -0.71577 -0.0150469 0.999887 0.000417545 -2.16711 -0.00760337 -0.000532001 0.999971 121.749
0.99983 0.0161974 0.00877436 -0.712606 -0.016193 0.999869 -0.000574327 -2.19674 -0.00878252 0.000432147 0.999961 123.102
0.999788 0.0179411 0.0101517 -0.724912 -0.0179283 0.999838 -0.00135066 -2.23055 -0.0101743 0.00116837 0.999948 124.38
0.999794 0.0168786 0.0112694 -0.719883 -0.0168638 0.999857 -0.00140759 -2.2586 -0.0112915 0.00121726 0.999936 125.726
0.999793 0.0164442 0.0119753 -0.704801 -0.0164396 0.999865 -0.000480309 -2.28026 -0.0119816 0.00028334 0.999928 127.076
0.999818 0.0141411 0.0128202 -0.700956 -0.0141507 0.9999 0.000659057 -2.31078 -0.0128096 -0.000840353 0.999918 128.436
0.999827 0.0132057 0.0131201 -0.69274 -0.0132192 0.999912 0.000943915 -2.33436 -0.0131064 -0.00111719 0.999913 129.786
0.999853 0.0110478 0.0130933 -0.679336 -0.0110641 0.999938 0.00117277 -2.35737 -0.0130796 -0.00131746 0.999914 131.134
0.999876 0.0095076 0.0125396 -0.65859 -0.00953129 0.999953 0.0018313 -2.36756 -0.0125216 -0.0019506 0.99992 132.515
0.999898 0.00776947 0.0119964 -0.646209 -0.00778718 0.999969 0.0014305 -2.38747 -0.0119849 -0.00152378 0.999927 133.863
0.999922 0.00626927 0.0108329 -0.638901 -0.00628629 0.999979 0.00153833 -2.41189 -0.010823 -0.00160631 0.99994 135.222
0.99994 0.00486301 0.00982219 -0.648089 -0.00488708 0.999985 0.00242815 -2.44016 -0.00981024 -0.00247601 0.999949 136.659
0.999957 0.00325858 0.00869339 -0.639492 -0.00328071 0.999991 0.00253277 -2.46003 -0.00868506 -0.00256118 0.999959 138.012
0.999966 0.00301904 0.00761335 -0.638947 -0.00303848 0.999992 0.00254376 -2.48203 -0.00760561 -0.00256681 0.999968 139.364
0.999978 0.00205431 0.00632241 -0.642485 -0.0020684 0.999995 0.00222335 -2.50023 -0.00631782 -0.00223638 0.999978 140.679
0.999984 0.00186359 0.00537347 -0.64374 -0.00187341 0.999997 0.00182342 -2.52132 -0.00537005 -0.00183346 0.999984 142.035
0.99999 -0.000290008 0.00441964 -0.647026 0.000292632 1 -0.00059304 -2.54765 -0.00441947 0.000594328 0.99999 143.399
0.999975 -0.00615513 0.00338703 -0.635696 0.006158 0.999981 -0.000835185 -2.57418 -0.00338182 0.000856021 0.999994 144.676
0.999903 -0.0137712 0.00220229 -0.625437 0.013768 0.999904 0.00143511 -2.59546 -0.00222184 -0.00140465 0.999997 146.036
0.999791 -0.0204095 0.000702487 -0.620467 0.0204075 0.999788 0.00281628 -2.61737 -0.000759817 -0.00280135 0.999996 147.402
0.999695 -0.0246978 -0.000935974 -0.608365 0.0246972 0.999695 -0.000721266 -2.63216 0.000953502 0.000697929 0.999999 148.812
0.999708 -0.0241496 -0.000457834 -0.614819 0.0241476 0.999701 -0.00391918 -2.65522 0.000552344 0.00390698 0.999992 150.164
0.999779 -0.0210177 0.000158307 -0.612948 0.0210182 0.999762 -0.00587107 -2.68973 -3.48735e-05 0.0058731 0.999983 151.527
0.9998 -0.0199751 0.00136928 -0.640871 0.019983 0.999782 -0.00600893 -2.7314 -0.00124896 0.00603509 0.999981 152.858
0.999727 -0.0232765 0.00206942 -0.64336 0.0232818 0.999726 -0.002572 -2.76171 -0.00200899 0.00261948 0.999995 154.213
0.999593 -0.0284228 0.00236272 -0.633095 0.0284225 0.999596 0.00016354 -2.78832 -0.00236641 -9.6319e-05 0.999997 155.577
0.999472 -0.032413 0.00235733 -0.620379 0.0324093 0.999473 0.00156278 -2.80492 -0.00240674 -0.00148555 0.999996 156.937
0.999421 -0.0339405 0.00233694 -0.615138 0.0339375 0.999423 0.00130427 -2.82498 -0.00237986 -0.0012242 0.999996 158.298
0.999482 -0.0320166 0.00330882 -0.613087 0.0320101 0.999486 0.00197137 -2.8453 -0.00337023 -0.00186443 0.999993 159.665
0.999605 -0.0277604 0.00432176 -0.630573 0.0277565 0.999614 0.000952251 -2.86845 -0.00434653 -0.000831918 0.99999 160.915
0.9997 -0.02394 0.00526034 -0.63253 0.0239473 0.999712 -0.00132863 -2.89031 -0.00522701 0.0014542 0.999985 162.271
0.999763 -0.021001 0.00581366 -0.631587 0.0210116 0.999778 -0.00177917 -2.9187 -0.005775 0.0019009 0.999982 163.659
0.999787 -0.0196706 0.00618162 -0.62951 0.0196732 0.999806 -0.000357299 -2.94392 -0.00617339 0.000478835 0.999981 164.994
0.999824 -0.0177616 0.00605999 -0.630489 0.0177668 0.999842 -0.000802725 -2.97005 -0.00604477 0.00091025 0.999981 166.361
0.999864 -0.0154654 0.00564598 -0.630287 0.0154839 0.999875 -0.0032382 -2.99595 -0.00559519 0.00332519 0.999979 167.723
0.999923 -0.0112522 0.00516032 -0.649465 0.0112858 0.999915 -0.00653225 -3.02108 -0.00508638 0.00658999 0.999965 169.142
0.999969 -0.00612335 0.00501033 -0.65883 0.00616233 0.999951 -0.00780131 -3.05198 -0.00496231 0.00783194 0.999957 170.525
0.999985 -0.00131486 0.00524778 -0.668128 0.00134926 0.999978 -0.00655544 -3.0871 -0.00523904 0.00656242 0.999965 171.907
0.999981 0.00117558 0.00610552 -0.681635 -0.00114968 0.99999 -0.00424395 -3.12914 -0.00611045 0.00423684 0.999972 173.251
0.999979 0.00196199 0.00610841 -0.680739 -0.0019491 0.999996 -0.00211641 -3.15518 -0.00611254 0.00210446 0.999979 174.637
0.999985 -0.000929 0.00535622 -0.681262 0.000935573 0.999999 -0.00122473 -3.17744 -0.00535507 0.00122972 0.999985 176.026
0.999988 -0.00334738 0.00359901 -0.641404 0.00335118 0.999994 -0.00105214 -3.1884 -0.00359546 0.00106419 0.999993 177.415
0.999991 -0.00380227 0.00170016 -0.646322 0.00381114 0.999979 -0.00524641 -3.21878 -0.00168017 0.00525285 0.999985 178.789
0.999997 -0.00237259 -0.00017193 -0.634161 0.00237086 0.999952 -0.00945823 -3.24837 0.000194362 0.00945779 0.999955 180.192
0.999997 0.00251827 -0.000509324 -0.673526 -0.00252331 0.999945 -0.0101572 -3.29912 0.000483717 0.0101585 0.999948 181.6
0.999981 0.00603696 -0.000766863 -0.685555 -0.00604379 0.999939 -0.00923946 -3.33304 0.000711038 0.00924392 0.999957 183.007
0.999967 0.00812926 -0.000511129 -0.697615 -0.00813208 0.99995 -0.00578745 -3.36937 0.000464056 0.00579142 0.999983 184.424
0.999964 0.00851423 2.46077e-05 -0.720521 -0.00851409 0.999957 -0.00359935 -3.40399 -5.52523e-05 0.00359901 0.999994 185.864
0.999966 0.00821841 0.000100309 -0.726178 -0.00821808 0.999962 -0.00292593 -3.42669 -0.000124352 0.00292501 0.999996 187.278
0.999981 0.00615712 0.000127401 -0.732776 -0.00615683 0.999979 -0.00217175 -3.45556 -0.00014077 0.00217092 0.999998 188.695
0.999992 0.00399139 0.000173726 -0.738499 -0.00399109 0.999991 -0.00168353 -3.48824 -0.000180444 0.00168283 0.999999 190.14
0.999999 0.00145948 0.000616363 -0.747114 -0.00145844 0.999998 -0.00168666 -3.51471 -0.000618824 0.00168576 0.999998 191.556
0.999998 -0.00161753 0.000708882 -0.738929 0.00161802 0.999998 -0.00069787 -3.54268 -0.000707752 0.000699016 1 193.021
0.999981 -0.006065 0.00116377 -0.737831 0.00606401 0.999981 0.000855368 -3.56461 -0.00116894 -0.000848295 0.999999 194.381
0.999962 -0.00859604 0.00162026 -0.740554 0.00859499 0.999963 0.000657249 -3.5869 -0.00162585 -0.000643298 0.999998 195.807
0.999977 -0.00651766 0.00166881 -0.738548 0.00652361 0.999972 -0.0035851 -3.61913 -0.0016454 0.0035959 0.999992 197.245
0.999998 -0.000153576 0.00193299 -0.750905 0.000169999 0.999964 -0.00849849 -3.6504 -0.00193162 0.0084988 0.999962 198.78
0.999955 0.00894228 0.00321129 -0.768387 -0.00891444 0.999923 -0.00857975 -3.6831 -0.00328777 0.00855073 0.999958 200.218
0.999845 0.0170479 0.00444327 -0.783341 -0.0170263 0.999843 -0.00484903 -3.72003 -0.00452524 0.00477263 0.999978 201.672
0.999801 0.0191442 0.00555989 -0.784095 -0.019127 0.999812 -0.00312391 -3.72963 -0.00561865 0.00301694 0.99998 203.14
0.999835 0.0174474 0.00511685 -0.782607 -0.0174336 0.999844 -0.00273887 -3.75607 -0.00516384 0.00264921 0.999983 204.604
0.999897 0.0138201 0.00384627 -0.77802 -0.01381 0.999901 -0.00262254 -3.7849 -0.00388213 0.00256915 0.999989 206.066
0.999929 0.0115102 0.00294538 -0.795138 -0.0115013 0.999929 -0.00300421 -3.82347 -0.00297975 0.00297012 0.999991 207.448
0.999928 0.0118148 0.00231282 -0.794749 -0.0118064 0.999924 -0.00359747 -3.84877 -0.00235514 0.0035699 0.999991 208.913
0.999909 0.0133609 0.00211323 -0.798766 -0.0133538 0.999905 -0.00335337 -3.88159 -0.00215783 0.00332484 0.999992 210.393
0.999896 0.0142988 0.00208887 -0.806348 -0.0142931 0.999894 -0.00272833 -3.89209 -0.00212766 0.00269819 0.999994 211.793
0.999905 0.0136569 0.0018136 -0.811842 -0.013651 0.999902 -0.0032241 -3.91999 -0.00185745 0.00319903 0.999993 213.283
0.999916 0.0128882 0.00126826 -0.818493 -0.0128828 0.999908 -0.00415866 -3.95059 -0.00132175 0.00414197 0.999991 214.758
0.999918 0.0127323 0.00115565 -0.830071 -0.0127271 0.999909 -0.00440865 -4.00026 -0.00121168 0.00439358 0.99999 216.304
0.999912 0.0132757 0.000789568 -0.837496 -0.013272 0.999902 -0.00452309 -4.03036 -0.000849538 0.00451221 0.999989 217.785
0.999906 0.0137143 0.000314454 -0.838894 -0.0137127 0.999895 -0.00468893 -4.06802 -0.000378727 0.00468418 0.999989 219.282
0.999891 0.0147502 0.00047544 -0.83876 -0.0147476 0.999879 -0.00504586 -4.09056 -0.00054981 0.0050383 0.999987 220.637
0.999879 0.0155619 0.000189919 -0.850227 -0.0155607 0.999865 -0.00523852 -4.12443 -0.000271415 0.00523493 0.999986 222.132
0.999879 0.0155799 -0.000218971 -0.856165 -0.0155809 0.999863 -0.005608 -4.14926 0.000131569 0.00561073 0.999984 223.623
0.999882 0.0153346 -0.000779954 -0.869605 -0.0153385 0.999868 -0.00533523 -4.18807 0.000698038 0.00534656 0.999985 225.23
0.999892 0.0146776 -0.000856857 -0.880313 -0.014682 0.999877 -0.00544635 -4.21804 0.000776812 0.00545834 0.999985 226.734
0.999911 0.0133402 -0.000729203 -0.891853 -0.0133442 0.999894 -0.00577556 -4.24653 0.000652079 0.00578478 0.999983 228.238
0.99993 0.011809 -0.000796332 -0.887158 -0.011813 0.999917 -0.00522787 -4.28795 0.00073453 0.00523691 0.999986 229.76
0.999945 0.0105194 -0.00053192 -0.895138 -0.0105217 0.999935 -0.00446846 -4.32175 0.000484879 0.00447381 0.99999 231.272
0.999942 0.0107214 -0.000612581 -0.903882 -0.0107239 0.999933 -0.00432549 -4.35216 0.000566165 0.00433181 0.99999 232.795
0.999944 0.0105417 -0.000896765 -0.897328 -0.0105457 0.999934 -0.00453517 -4.37284 0.000848897 0.00454437 0.999989 234.309
0.999933 0.0115705 -0.000331564 -0.916568 -0.0115721 0.999919 -0.00535749 -4.40631 0.000269549 0.00536097 0.999986 235.823
0.99992 0.0126486 6.61919e-05 -0.924992 -0.0126482 0.999909 -0.00477033 -4.43674 -0.000126524 0.00476911 0.999989 237.366
0.999904 0.0138465 0.000544429 -0.939432 -0.0138451 0.999901 -0.00251706 -4.48256 -0.000579228 0.00250928 0.999997 238.783
0.999907 0.0136088 0.000946958 -0.945309 -0.0136068 0.999905 -0.00215253 -4.51094 -0.000976162 0.00213944 0.999997 240.317
0.999897 0.014263 0.00163768 -0.960831 -0.0142569 0.999892 -0.00369207 -4.54769 -0.00169016 0.00366834 0.999992 241.861
0.999882 0.0151643 0.00224571 -0.940283 -0.0151533 0.999874 -0.00481926 -4.58484 -0.00231851 0.00478466 0.999986 243.437
0.999867 0.0160861 0.0026646 -0.946707 -0.0160744 0.999861 -0.00436491 -4.61582 -0.00273445 0.0043215 0.999987 244.967
0.999867 0.0160851 0.00255595 -0.943555 -0.0160763 0.999865 -0.00340971 -4.64581 -0.00261045 0.00336816 0.999991 246.499
0.999869 0.0160124 0.00228456 -0.963126 -0.0160058 0.999868 -0.00284913 -4.66893 -0.00232988 0.00281219 0.999993 248.021
0.99987 0.0159968 0.00199105 -0.968402 -0.0159911 0.999868 -0.00283402 -4.6976 -0.00203613 0.00280181 0.999994 249.561
0.999845 0.0174596 0.0023616 -0.980059 -0.0174539 0.999845 -0.00241511 -4.73506 -0.0024034 0.00237351 0.999994 251.097
0.99981 0.0192821 0.00272612 -0.985992 -0.0192747 0.999811 -0.00272788 -4.7556 -0.0027782 0.00267482 0.999993 252.497
0.999808 0.0194061 0.00255164 -0.989063 -0.0193998 0.999809 -0.00244727 -4.78574 -0.00259865 0.0023973 0.999994 254.039
0.999829 0.0183148 0.00270205 -0.993974 -0.0183086 0.99983 -0.0022987 -4.81723 -0.00274369 0.00224883 0.999994 255.595
0.999867 0.0161495 0.00226102 -0.979457 -0.0161452 0.999868 -0.00189204 -4.83948 -0.00229128 0.00185528 0.999996 257.157
0.999903 0.0137141 0.00233463 -0.982215 -0.0137115 0.999905 -0.00109706 -4.86892 -0.00234946 0.00106494 0.999997 258.716
0.99992 0.0125063 0.00188387 -0.978569 -0.0125028 0.99992 -0.00185896 -4.89932 -0.00190697 0.00183526 0.999996 260.278
0.999917 0.0127145 0.00189052 -0.973755 -0.012709 0.999915 -0.0028698 -4.93894 -0.00192685 0.00284554 0.999994 261.678
0.999938 0.0108735 0.00248294 -0.976582 -0.0108708 0.99994 -0.00108466 -4.96943 -0.00249458 0.0010576 0.999996 263.237
0.999959 0.00860198 0.00274035 -0.972127 -0.00860411 0.999963 0.000765639 -4.9979 -0.00273366 -0.000789186 0.999996 264.795
0.999968 0.00749096 0.00282191 -1.00763 -0.0074908 0.999972 -6.80664e-05 -5.02102 -0.00282234 4.69258e-05 0.999996 266.245
0.99997 0.00701233 0.00320248 -1.00539 -0.00700897 0.999975 -0.00105959 -5.04791 -0.00320983 0.00103711 0.999994 267.795
0.999962 0.00775716 0.00397619 -1.0132 -0.00775204 0.999969 -0.00130147 -5.07794 -0.00398616 0.0012706 0.999991 269.334
0.999942 0.00956025 0.00498456 -1.01 -0.00955464 0.999954 -0.00114954 -5.10851 -0.00499532 0.00110184 0.999987 270.987
0.99992 0.0111087 0.00607706 -1.01568 -0.0111 0.999937 -0.00146185 -5.13735 -0.00609292 0.00139427 0.99998 272.539
0.999904 0.012187 0.00666388 -1.00109 -0.0121755 0.999924 -0.00177099 -5.16418 -0.00668496 0.00168969 0.999976 274.099
0.999884 0.0130959 0.00774672 -1.01139 -0.0130817 0.999913 -0.00187596 -5.19951 -0.00777061 0.0017744 0.999968 275.601
0.999875 0.0132839 0.00852597 -1.00665 -0.013262 0.999909 -0.00262471 -5.22926 -0.00856005 0.00251131 0.99996 277.153
0.999877 0.0126138 0.00932164 -1.00398 -0.0125857 0.999916 -0.00306246 -5.26115 -0.00935949 0.00294476 0.999952 278.732
0.999869 0.0122432 0.0105956 -1.00261 -0.0122169 0.999922 -0.00254526 -5.30414 -0.0106259 0.00241548 0.999941 280.367
0.999872 0.0113381 0.0112678 -0.993764 -0.0113215 0.999935 -0.00153997 -5.33411 -0.0112845 0.00141221 0.999935 281.93
0.99988 0.0102892 0.0115953 -0.983933 -0.010276 0.999946 -0.00119634 -5.36957 -0.011607 0.00107704 0.999932 283.491
0.999904 0.00822601 0.0111075 -0.959712 -0.00818339 0.999959 -0.00387705 -5.38228 -0.0111389 0.00378578 0.999931 285.02
0.999915 0.00716283 0.0108582 -0.953427 -0.00709692 0.999956 -0.00609689 -5.41309 -0.0109014 0.00601932 0.999922 286.581
0.999923 0.00723024 0.0100986 -0.942876 -0.00716806 0.999955 -0.0061804 -5.44569 -0.0101428 0.00610753 0.99993 288.146
0.999928 0.00709768 0.00962626 -0.947568 -0.00704054 0.999957 -0.00595695 -5.5081 -0.00966813 0.00588874 0.999936 289.819
0.999937 0.00708322 0.00866715 -0.942537 -0.00702621 0.999954 -0.00659042 -5.54074 -0.00871343 0.00652911 0.999941 291.397
0.999946 0.00680596 0.00781838 -0.933704 -0.00675077 0.999952 -0.00706348 -5.56909 -0.00786608 0.00701032 0.999944 292.973
0.999945 0.00762063 0.00718919 -0.914836 -0.00757318 0.99995 -0.00660429 -5.60552 -0.00723915 0.00654948 0.999952 294.622
0.999955 0.00718731 0.00616436 -0.908848 -0.00714698 0.999953 -0.00654028 -5.63718 -0.00621108 0.00649593 0.99996 296.217
0.999964 0.00676307 0.0051514 -0.902327 -0.00673733 0.999965 -0.00499897 -5.67383 -0.00518503 0.00496408 0.999974 297.798
0.999947 0.00913302 0.00476681 -0.919848 -0.00911423 0.999951 -0.00394908 -5.71234 -0.00480264 0.00390542 0.999981 299.354
0.999938 0.00963678 0.00559895 -0.923735 -0.00961442 0.999946 -0.00400726 -5.73974 -0.00563726 0.00395318 0.999976 300.962
0.999926 0.0102075 0.00660802 -0.928377 -0.0101797 0.999939 -0.00423892 -5.77115 -0.00665088 0.00417134 0.999969 302.549
0.99994 0.00873745 0.00664832 -0.907768 -0.00870869 0.999953 -0.00434334 -5.81721 -0.00668595 0.00428518 0.999968 304.077
0.999955 0.00654883 0.00679494 -0.897108 -0.00651344 0.999965 -0.00521782 -5.85144 -0.00682887 0.00517333 0.999963 305.688
0.99996 0.00523981 0.00718103 -0.895694 -0.0051866 0.999959 -0.00740824 -5.88123 -0.00721955 0.0073707 0.999947 307.299
0.999968 0.00410208 0.0068757 -0.891333 -0.00404532 0.999958 -0.00824858 -5.92139 -0.00690924 0.0082205 0.999942 308.891
0.999976 0.00493434 0.00480464 -0.896332 -0.0048897 0.999945 -0.00925758 -5.9603 -0.00485006 0.00923386 0.999946 310.517
0.999979 0.00590956 0.00259238 -0.898508 -0.00588709 0.999946 -0.00859132 -5.99723 -0.00264301 0.00857588 0.99996 312.142
0.999979 0.00622347 0.00204409 -0.90792 -0.00621322 0.999968 -0.00498075 -6.03555 -0.00207503 0.00496795 0.999986 313.64
0.999984 0.00498133 0.00254848 -0.908164 -0.00497609 0.999986 -0.00205532 -6.06587 -0.00255868 0.0020426 0.999995 315.273
0.999988 0.00392275 0.00282012 -0.916527 -0.00391925 0.999992 -0.00124357 -6.09754 -0.00282498 0.00123251 0.999995 316.903
0.999991 0.00291862 0.00321682 -0.927325 -0.00291044 0.999993 -0.00254505 -6.1301 -0.00322422 0.00253567 0.999992 318.677
0.999991 0.00215231 0.00365041 -0.933507 -0.00214252 0.999994 -0.00268319 -6.15883 -0.00365616 0.00267534 0.99999 320.312
0.999991 0.00199815 0.00376413 -0.93171 -0.00198952 0.999995 -0.0022929 -6.1915 -0.00376869 0.00228539 0.99999 321.948
0.999987 0.00268695 0.00432507 -0.914227 -0.00267806 0.999994 -0.00205822 -6.23846 -0.00433058 0.00204661 0.999989 323.439
0.99998 0.00432311 0.00470775 -0.9156 -0.00430864 0.999986 -0.00308095 -6.27378 -0.00472101 0.0030606 0.999984 325.086
0.999972 0.00538509 0.00512877 -0.904915 -0.00536581 0.999979 -0.00376462 -6.30857 -0.00514894 0.003737 0.99998 326.728
0.999973 0.00401639 0.00610379 -0.910598 -0.00400471 0.99999 -0.0019254 -6.33032 -0.00611146 0.0019009 0.99998 328.413
0.999976 0.00300466 0.00629527 -0.914933 -0.00299896 0.999995 -0.000915534 -6.3687 -0.00629799 0.000896632 0.99998 330.046
0.99998 0.00178381 0.00608404 -0.906293 -0.00177062 0.999996 -0.00217157 -6.39791 -0.00608789 0.00216075 0.999979 331.648
0.999974 0.00365347 0.0062768 -0.896145 -0.00363988 0.999991 -0.00217523 -6.43783 -0.00628469 0.00215233 0.999978 333.343
0.999968 0.0053272 0.00602665 -0.89995 -0.00530206 0.999977 -0.00418015 -6.4724 -0.00604878 0.00414806 0.999973 334.971
0.999959 0.00715162 0.00548441 -0.906529 -0.00711239 0.999949 -0.00714038 -6.50988 -0.00553519 0.00710109 0.999959 336.587
0.999956 0.00820062 0.00448963 -0.901549 -0.00817196 0.999946 -0.00636441 -6.55211 -0.00454158 0.00632745 0.99997 338.112
0.999957 0.00864911 0.00346219 -0.899675 -0.00863924 0.999959 -0.00285652 -6.58781 -0.00348675 0.00282648 0.99999 339.744
0.999947 0.0100371 0.00249214 -0.905352 -0.0100368 0.99995 -0.000133851 -6.62063 -0.00249336 0.00010883 0.999997 341.362
0.999948 0.0101257 0.00106642 -0.913609 -0.0101242 0.999948 -0.00140945 -6.64151 -0.00108064 0.00139858 0.999998 342.925
0.999956 0.00933 -0.0008914 -0.915525 -0.00933249 0.999952 -0.00283718 -6.6732 0.000864887 0.00284538 0.999996 344.526
0.999965 0.00803531 -0.00239433 -0.934431 -0.00803919 0.999966 -0.00161426 -6.70336 0.00238127 0.00163345 0.999996 346.131
0.999969 0.00726512 -0.00296004 -0.956005 -0.00726885 0.999973 -0.00125402 -6.74216 0.00295085 0.00127549 0.999995 347.817
0.99997 0.00698762 -0.00345991 -0.966483 -0.00699456 0.999974 -0.00199602 -6.77528 0.00344587 0.00202016 0.999992 349.426
0.999972 0.00659973 -0.00363401 -0.985776 -0.00661042 0.999974 -0.00293597 -6.80687 0.00361454 0.00295991 0.999989 351.018
0.999972 0.00646147 -0.00367228 -0.998847 -0.00647253 0.999975 -0.00300844 -6.84449 0.00365275 0.00303213 0.999989 352.701
0.999977 0.0057117 -0.00369993 -1.01009 -0.00572349 0.999979 -0.00318509 -6.87772 0.00368165 0.00320619 0.999988 354.306
0.999979 0.00525393 -0.00368265 -1.02527 -0.00526801 0.999979 -0.0038253 -6.9101 0.00366248 0.00384462 0.999986 355.904
0.999982 0.00473096 -0.00365169 -1.05031 -0.00474598 0.99998 -0.00411393 -6.94415 0.00363216 0.00413119 0.999985 357.447
0.999985 0.0042173 -0.00346442 -1.0696 -0.00423102 0.999983 -0.00396461 -6.97916 0.00344764 0.00397921 0.999986 359.056
0.999984 0.00443375 -0.00344016 -1.08103 -0.00444986 0.999979 -0.00468878 -7.01502 0.0034193 0.00470401 0.999983 360.647
0.999989 0.00307885 -0.00341772 -1.0822 -0.00310021 0.999976 -0.0062634 -7.03879 0.00339835 0.00627393 0.999975 362.27
0.999993 0.00160295 -0.0033421 -1.0931 -0.00161731 0.999989 -0.00429768 -7.07595 0.00333518 0.00430306 0.999985 363.872
0.999995 0.000174006 -0.00317618 -1.10903 -0.000185475 0.999993 -0.00361101 -7.10932 0.00317553 0.00361158 0.999988 365.467
0.999994 -0.000264396 -0.00349591 -1.1084 0.000248798 0.99999 -0.00446154 -7.16772 0.00349705 0.00446064 0.999984 367.132
0.999995 0.000972087 -0.00314996 -1.12499 -0.000988196 0.999986 -0.00511646 -7.20234 0.00314495 0.00511955 0.999982 368.743
0.999993 0.00231937 -0.00281218 -1.13646 -0.00233139 0.999988 -0.00427809 -7.23528 0.00280222 0.00428462 0.999987 370.357
0.99999 0.00361687 -0.00269408 -1.15202 -0.00362494 0.999989 -0.00299479 -7.27798 0.00268322 0.00300453 0.999992 371.898
0.999991 0.00346118 -0.00225947 -1.16773 -0.0034684 0.999989 -0.00320038 -7.31315 0.00224837 0.00320819 0.999992 373.509
0.999991 0.00376191 -0.002058 -1.17225 -0.00377055 0.999984 -0.00420969 -7.3421 0.00204213 0.00421741 0.999989 375.134
0.999994 0.00294641 -0.00187567 -1.19725 -0.00295439 0.999987 -0.00426554 -7.36192 0.00186308 0.00427106 0.999989 376.759
0.999994 0.00316057 -0.00165486 -1.20645 -0.00316796 0.999985 -0.00448375 -7.39249 0.00164067 0.00448896 0.999989 378.389
0.999988 0.00463488 -0.00124919 -1.2207 -0.0046404 0.999979 -0.00445667 -7.42752 0.00122851 0.00446241 0.999989 380.011
0.99998 0.00620232 -0.0011335 -1.24422 -0.006207 0.999972 -0.00416902 -7.45239 0.00110761 0.00417598 0.999991 381.64
0.999974 0.00720514 -0.000669743 -1.25832 -0.0072083 0.999962 -0.00485148 -7.48342 0.000634762 0.00485618 0.999988 383.274
0.99997 0.00769686 -0.000422998 -1.27253 -0.00769901 0.999956 -0.00534968 -7.51989 0.000381803 0.00535278 0.999986 384.898
0.99997 0.00768365 -0.000262904 -1.28386 -0.0076849 0.999957 -0.00516023 -7.55725 0.000223244 0.00516209 0.999987 386.687
0.999961 0.00879784 -0.00017435 -1.28577 -0.0087985 0.999952 -0.00423611 -7.59167 0.000137073 0.00423748 0.999991 388.335
0.999957 0.00928194 -0.000102084 -1.28947 -0.00928226 0.999949 -0.00388721 -7.62717 6.59982e-05 0.00388799 0.999992 389.996
0.999944 0.0106131 0.000592892 -1.30056 -0.0106104 0.999934 -0.0043701 -7.66095 -0.000639233 0.00436356 0.99999 391.433
0.999941 0.0108424 0.000794508 -1.30531 -0.010839 0.999932 -0.00422663 -7.69053 -0.000840281 0.00421777 0.999991 393.08