1 0 0 0 0 1 0 0 0 0 1 0
0.999965 -0.000851274 -0.00833756 -0.0149964 0.000854221 1 0.000349903 -0.0263416 0.00833726 -0.000357013 0.999965 1.03625
0.999901 0.00332256 -0.0136521 0.00466807 -0.00340456 0.999976 -0.0059872 0.0161316 0.0136319 0.00603309 0.999889 1.55469
0.99981 0.00292984 -0.0192536 -0.00130823 -0.00305919 0.999973 -0.00669229 0.0102265 0.0192335 0.00674992 0.999792 2.07513
0.999684 0.00195634 -0.0250476 0.00206322 -0.00212388 0.999976 -0.00666387 -0.00846423 0.025034 0.00671497 0.999664 2.59567
0.99963 0.00578295 -0.0265871 -0.103254 -0.00593747 0.999966 -0.00573649 -0.0318807 0.026553 0.00589223 0.99963 4.42988
0.999508 0.00622758 -0.0307392 -0.135604 -0.00635868 0.999971 -0.00416911 -0.0382009 0.0307124 0.00436252 0.999519 5.22183
0.99937 0.00523815 -0.0350983 -0.168357 -0.00529599 0.999985 -0.001555 -0.044873 0.0350896 0.0017399 0.999383 6.03077
0.99924 0.00498838 -0.0386704 -0.201331 -0.00495 0.999987 0.00108806 -0.0538568 0.0386753 -0.00089581 0.999251 6.84816
0.999132 0.00639322 -0.0411547 -0.244024 -0.00638031 0.99998 0.00044519 -0.0626813 0.0411567 -0.000182224 0.999153 7.6693
0.999044 0.00585618 -0.0433217 -0.283869 -0.00584671 0.999983 0.00034514 -0.0694507 0.043323 -9.15201e-05 0.999061 8.49581
0.998958 0.00314545 -0.0455252 -0.320504 -0.00317451 0.999995 -0.000566147 -0.0717354 0.0455231 0.000710077 0.998963 9.3549
0.998869 0.00298076 -0.047445 -0.362727 -0.00296974 0.999996 0.000302737 -0.07923 0.0474457 -0.000161495 0.998874 10.205
0.998804 0.00152757 -0.0488749 -0.405707 -0.00152494 0.999999 9.10382e-05 -0.0875945 0.048875 -1.63978e-05 0.998805 11.06
0.998697 0.00355468 -0.0508992 -0.454961 -0.00366086 0.999991 -0.00199309 -0.0993271 0.0508917 0.00217683 0.998702 11.9337
0.998628 0.00404731 -0.0522031 -0.507127 -0.0042892 0.999981 -0.00452239 -0.10856 0.0521838 0.0047401 0.998626 12.8096
0.99851 0.00797357 -0.0539876 -0.561607 -0.00831385 0.999947 -0.00608125 -0.11903 0.0539362 0.00652103 0.998523 13.6873
0.998455 0.00914051 -0.0548099 -0.61211 -0.00946851 0.999939 -0.00572778 -0.130337 0.0547542 0.0062379 0.99848 14.5285
0.998385 0.00831784 -0.0562039 -0.664028 -0.008564 0.999955 -0.0041403 -0.145789 0.0561669 0.00461494 0.998411 15.4289
0.998305 0.00893054 -0.0575021 -0.722746 -0.00909937 0.999955 -0.00267487 -0.156002 0.0574757 0.00319357 0.998342 16.3355
0.998267 0.00735272 -0.0583823 -0.784888 -0.00749831 0.999969 -0.00227505 -0.168635 0.0583638 0.00270888 0.998292 17.2635
0.998168 0.00716512 -0.0600732 -0.841698 -0.00736672 0.999968 -0.0031351 -0.178794 0.0600488 0.00357189 0.998189 18.1737
0.998114 0.00549326 -0.0611458 -0.898551 -0.00573614 0.999976 -0.00379734 -0.190579 0.0611235 0.00414092 0.998122 19.0898
0.998064 0.00641119 -0.0618669 -0.960014 -0.00656675 0.999976 -0.00231138 -0.201295 0.0618506 0.00271317 0.998082 20.0399
0.99806 0.00775264 -0.0617728 -1.02178 -0.00769515 0.99997 0.00116864 -0.214043 0.0617799 -0.000691019 0.99809 20.9736
0.998102 0.00866126 -0.0609656 -1.08461 -0.00837303 0.999953 0.00498165 -0.223163 0.0610059 -0.00446173 0.998127 21.919
0.998208 0.00759712 -0.0593471 -1.15705 -0.00714776 0.999944 0.00778025 -0.222832 0.0594029 -0.00734211 0.998207 22.8894
0.9983 0.00781664 -0.0577633 -1.21494 -0.0073302 0.999936 0.00862838 -0.229654 0.057827 -0.00819029 0.998293 23.8351
0.998375 0.00830667 -0.0563822 -1.273 -0.00799267 0.999951 0.00579232 -0.233089 0.0564275 -0.00533227 0.998392 24.7879
0.998412 0.0091777 -0.0555733 -1.32437 -0.00914644 0.999958 0.000816853 -0.241244 0.0555784 -0.000307258 0.998454 25.7331
0.998491 0.00836451 -0.0542725 -1.38267 -0.00849109 0.999962 -0.00210212 -0.24981 0.0542528 0.00255978 0.998524 26.701
0.998551 0.0058585 -0.0535 -1.4341 -0.00592289 0.999982 -0.00104509 -0.258017 0.0534929 0.00136046 0.998567 27.6765
0.998561 0.00464131 -0.0534329 -1.49234 -0.00444509 0.999983 0.0037905 -0.261635 0.0534496 -0.00354753 0.998564 28.6572
0.998526 0.000880251 -0.0542604 -1.54319 -0.000485708 0.999973 0.00728406 -0.270429 0.0542654 -0.00724697 0.9985 29.6446
0.998449 -0.00661482 -0.055271 -1.59031 0.00699151 0.999954 0.00662489 -0.274583 0.0552246 -0.00700104 0.998449 30.6264
0.99832 -0.00961719 -0.057141 -1.64641 0.00978747 0.999948 0.00270097 -0.281537 0.057112 -0.0032557 0.998362 31.6265
0.998239 -0.00939149 -0.0585718 -1.70736 0.00934275 0.999956 -0.00110594 -0.291685 0.0585796 0.000556772 0.998283 32.6173
0.99812 -0.00843101 -0.06071 -1.77204 0.00833092 0.999963 -0.00190162 -0.296751 0.0607238 0.00139227 0.998154 33.6212
0.998084 -0.00780538 -0.0613811 -1.83875 0.00777914 0.99997 -0.00066656 -0.309454 0.0613845 0.00018779 0.998114 34.6022
0.998033 -0.00467029 -0.0625088 -1.90932 0.00481936 0.999986 0.00223415 -0.322586 0.0624975 -0.00253101 0.998042 35.6102
0.997952 -0.00471397 -0.0637992 -1.9781 0.00494622 0.999982 0.00348287 -0.329086 0.0637816 -0.0037913 0.997957 36.6254
0.997868 -0.00359938 -0.0651583 -2.0608 0.0039975 0.999974 0.00598072 -0.330017 0.0651351 -0.00622844 0.997857 37.7161
0.997873 -0.00361772 -0.0650872 -2.12852 0.00421756 0.99995 0.00908094 -0.33783 0.0650511 -0.00933613 0.997838 38.727
0.997849 0.00188827 -0.0655258 -2.20742 -0.00113955 0.999934 0.0114618 -0.34202 0.0655431 -0.0113625 0.997785 39.7369
0.997817 0.00150228 -0.0660199 -2.27874 -0.000803156 0.999943 0.0106149 -0.343668 0.0660321 -0.0105387 0.997762 40.7629
0.997817 0.00170591 -0.0660112 -2.34753 -0.00112126 0.99996 0.00889286 -0.345614 0.0660237 -0.00879944 0.997779 41.7691
0.997826 0.00388036 -0.0657915 -2.42632 -0.00345317 0.999972 0.00660555 -0.347295 0.0658153 -0.006364 0.997812 42.7651
0.997765 0.00290022 -0.0667648 -2.47681 -0.00241808 0.99997 0.00730114 -0.359643 0.066784 -0.00712337 0.997742 43.6903
0.99768 0.000914824 -0.0680788 -2.54136 -0.000330592 0.999963 0.00859246 -0.368801 0.0680842 -0.00855002 0.997643 44.6902
0.997643 0.00155482 -0.0685975 -2.6228 -0.000894944 0.999953 0.00964926 -0.374242 0.0686092 -0.00956513 0.997598 45.681
0.997626 0.00415804 -0.0687336 -2.70102 -0.00374911 0.999975 0.00607743 -0.373445 0.0687571 -0.00580531 0.997617 46.654
0.997571 0.00480828 -0.0694912 -2.77801 -0.00469566 0.999987 0.00178396 -0.378459 0.0694989 -0.00145332 0.997581 47.6321
0.997523 0.00582185 -0.0701031 -2.85034 -0.00578923 0.999983 0.000668426 -0.389258 0.0701058 -0.000260927 0.99754 48.6212
0.997512 0.00415252 -0.0703736 -2.92423 -0.00386524 0.999984 0.00421789 -0.403254 0.07039 -0.00393538 0.997512 49.5697
0.997499 0.00225477 -0.0706378 -2.9924 -0.0017308 0.999971 0.00747803 -0.41627 0.0706525 -0.00733707 0.997474 50.546
0.997488 0.000508212 -0.0708322 -3.06224 6.76986e-05 0.999967 0.008128 -0.423896 0.070834 -0.00811238 0.997455 51.5167
0.997485 -0.00258645 -0.0708357 -3.13391 0.00308565 0.999971 0.00693889 -0.434218 0.0708157 -0.00714001 0.997464 52.4413
0.997443 -0.00498739 -0.0712902 -3.20088 0.00540023 0.99997 0.00559942 -0.442343 0.0712601 -0.00597009 0.99744 53.4001
0.997358 -0.00676528 -0.0723288 -3.27315 0.00727169 0.999951 0.00674035 -0.447909 0.0722796 -0.00724849 0.997358 54.3598
0.997249 -0.00937713 -0.0735239 -3.33863 0.0101952 0.99989 0.0107595 -0.457695 0.0734149 -0.0114795 0.997235 55.3539
0.997212 -0.0100183 -0.0739415 -3.41196 0.0112104 0.999814 0.0157237 -0.460463 0.0737702 -0.0165088 0.997139 56.3148
0.997183 -0.00835633 -0.0745362 -3.48543 0.00972333 0.999791 0.0179961 -0.462202 0.0743702 -0.0186702 0.997056 57.2613
0.997062 -0.00762193 -0.0762138 -3.55161 0.00871979 0.999863 0.0140825 -0.470033 0.076096 -0.0147057 0.996992 58.1589
0.996976 -0.00607784 -0.0774689 -3.63 0.00659141 0.999958 0.00637536 -0.473521 0.0774269 -0.00686672 0.996974 59.0858
0.996929 -0.00448602 -0.0781834 -3.70909 0.00461915 0.999988 0.001522 -0.477083 0.0781756 -0.00187847 0.996938 59.9974
0.996825 0.000499395 -0.0796259 -3.79149 -0.000312595 0.999997 0.00235841 -0.491342 0.0796269 -0.00232604 0.996822 60.9526
0.996749 0.00332092 -0.0804951 -3.87302 -0.00294774 0.999984 0.00475452 -0.506592 0.0805096 -0.00450178 0.996744 61.8505
0.99664 0.00569367 -0.081703 -3.94899 -0.00519775 0.999967 0.00628119 -0.517269 0.081736 -0.00583542 0.996637 62.7371
0.996582 0.00663879 -0.0823468 -4.03763 -0.00616287 0.999963 0.00603224 -0.519542 0.0823838 -0.00550413 0.996585 63.6516
0.996442 0.00836744 -0.0838667 -4.11719 -0.00782047 0.999946 0.00684828 -0.529267 0.0839195 -0.00616804 0.996453 64.5127
0.996331 0.00913243 -0.0850925 -4.19818 -0.00852859 0.999936 0.00745709 -0.538417 0.0851551 -0.00670401 0.996345 65.3582
0.996189 0.0100936 -0.0866404 -4.26814 -0.00945525 0.999925 0.00777496 -0.545062 0.0867124 -0.00692611 0.996209 66.1352
0.996083 0.0099048 -0.0878696 -4.34546 -0.00917158 0.99992 0.00874425 -0.549422 0.0879492 -0.00790409 0.996094 66.9538
0.995936 0.0128402 -0.0891468 -4.42479 -0.0118621 0.999864 0.0114922 -0.553601 0.0892822 -0.010388 0.995952 67.7637
0.995788 0.0142185 -0.0905717 -4.50089 -0.0128314 0.999792 0.0158796 -0.572108 0.0907786 -0.0146505 0.995763 68.5279
0.995588 0.017272 -0.0922273 -4.57862 -0.0157012 0.99972 0.0177303 -0.576586 0.0925077 -0.016204 0.99558 69.3022
0.995418 0.0201331 -0.0934782 -4.6593 -0.0189338 0.999727 0.013699 -0.583745 0.0937285 -0.0118663 0.995527 70.0492
0.995309 0.0201917 -0.094616 -4.72803 -0.0196715 0.999786 0.00642687 -0.587881 0.0947255 -0.00453548 0.995493 70.6985
0.995185 0.019339 -0.0960873 -4.79616 -0.0193847 0.999812 0.000457849 -0.591865 0.0960781 0.00140698 0.995373 71.4113
0.995133 0.0201689 -0.096459 -4.87019 -0.020334 0.999793 -0.000729203 -0.596369 0.0964244 0.00268706 0.995337 72.0986
0.995022 0.0225174 -0.0970814 -4.94984 -0.0223218 0.999746 0.00310058 -0.60385 0.0971265 -0.000918116 0.995272 72.7951
0.994898 0.0227604 -0.0982876 -5.01996 -0.0223198 0.999735 0.00557928 -0.621792 0.0983885 -0.00335705 0.995142 73.4469
0.994868 0.0195908 -0.09927 -5.08393 -0.0194585 0.999808 0.0023011 -0.633353 0.099296 -0.000357651 0.995058 74.0828
0.99498 0.0113603 -0.0994227 -5.13277 -0.0116884 0.999928 -0.00271755 -0.645383 0.0993846 0.003866 0.995042 74.6823
0.995124 0.00734772 -0.0983617 -5.18694 -0.00812748 0.999939 -0.00752917 -0.655303 0.0983003 0.00829188 0.995122 75.2776
0.995409 0.00999546 -0.0951908 -5.24559 -0.0107768 0.999912 -0.00769722 -0.666671 0.0951056 0.00868773 0.995429 75.8593
0.995729 0.0152132 -0.0910668 -5.31054 -0.0156957 0.999866 -0.00458438 -0.680727 0.0909848 0.00599416 0.995834 76.4362
0.996171 0.0135197 -0.0863802 -5.3563 -0.0136998 0.999905 -0.00149273 -0.690825 0.0863518 0.0026704 0.996261 76.9919
0.996684 0.00982423 -0.0807767 -5.38813 -0.00962644 0.99995 0.00283773 -0.704871 0.0808006 -0.00205072 0.996728 77.5385
0.997352 0.00500543 -0.0725577 -5.41787 -0.00457075 0.999971 0.00615565 -0.719143 0.0725864 -0.00580771 0.997345 78.0657
0.998054 0.00862365 -0.061757 -5.45019 -0.00826763 0.999948 0.00601805 -0.727439 0.0618057 -0.00549575 0.998073 78.5823
0.998817 0.0138888 -0.0465929 -5.47557 -0.0136492 0.999892 0.00545715 -0.733268 0.0466637 -0.00481474 0.998899 79.0835
0.999418 0.0183782 -0.0287365 -5.48968 -0.0182084 0.999815 0.00616073 -0.734002 0.0288444 -0.0056339 0.999568 79.5859
0.999836 0.016784 -0.00673386 -5.47843 -0.0167397 0.999838 0.00656863 -0.738386 0.00684302 -0.00645483 0.999956 80.0634
0.999723 0.0133638 0.0193831 -5.44347 -0.0135077 0.999882 0.00731098 -0.742465 -0.0192831 -0.00757077 0.999785 80.5345
0.998732 0.0121786 0.0488542 -5.39858 -0.0126242 0.999881 0.00882262 -0.748746 -0.0487409 -0.00942817 0.998767 80.989
0.996566 0.011759 0.0819671 -5.35329 -0.0126431 0.999867 0.0102752 -0.75813 -0.0818354 -0.0112762 0.996582 81.456
0.992786 0.0117864 0.119322 -5.27271 -0.0131357 0.999858 0.0105282 -0.760717 -0.119181 -0.0120196 0.9928 81.8993
0.986993 0.0110658 0.160379 -5.17918 -0.012905 0.999862 0.0104306 -0.762779 -0.160242 -0.0123646 0.987 82.3021
0.978596 0.0105966 0.205518 -5.0642 -0.0129992 0.999862 0.0103436 -0.76841 -0.20538 -0.0127938 0.978599 82.7191
0.966942 0.0129108 0.254668 -4.93236 -0.0155061 0.999846 0.0081859 -0.776965 -0.254524 -0.0118642 0.966994 83.1236
0.95149 0.0139774 0.307361 -4.77677 -0.0162899 0.999855 0.00495934 -0.779507 -0.307247 -0.00972566 0.95158 83.5625
0.931612 0.0142839 0.363174 -4.59744 -0.0163472 0.999863 0.00260831 -0.785341 -0.363087 -0.0083668 0.931718 83.9346
0.907134 0.015094 0.42057 -4.39655 -0.0167838 0.999859 0.000316948 -0.786635 -0.420506 -0.00734628 0.90726 84.2933
0.878724 0.0152705 0.477086 -4.16606 -0.0164452 0.999863 -0.00171372 -0.797424 -0.477047 -0.00633989 0.878855 84.6035
0.845027 0.0136977 0.534548 -3.92434 -0.0136328 0.999899 -0.00407107 -0.804181 -0.53455 -0.00384723 0.845128 84.9167
0.807959 0.0132105 0.589091 -3.66386 -0.0126459 0.999907 -0.00507879 -0.817988 -0.589103 -0.00334612 0.808051 85.2113
0.768695 0.0117316 0.639508 -3.38861 -0.0118052 0.999922 -0.00415339 -0.831827 -0.639507 -0.00435682 0.768773 85.442
0.725618 0.0112692 0.688006 -3.0971 -0.0133996 0.999908 -0.00224586 -0.838907 -0.687968 -0.00758935 0.725702 85.7001
0.680186 0.0102012 0.732968 -2.78823 -0.0125403 0.999919 -0.00227934 -0.843704 -0.732932 -0.00764125 0.680259 85.9346
0.634926 0.00880588 0.772523 -2.4965 -0.00980593 0.999946 -0.00333889 -0.859215 -0.772511 -0.00545536 0.634978 86.0809
0.58782 0.00621852 0.808968 -2.1607 -0.00447221 0.99998 -0.00443719 -0.867125 -0.80898 -0.0010096 0.587836 86.2711
0.540839 0.00827916 0.841086 -1.82483 -0.00667608 0.999962 -0.00555017 -0.877782 -0.8411 -0.00261341 0.540873 86.4485
0.494297 0.0110351 0.869223 -1.53661 -0.0104194 0.999923 -0.00676918 -0.889789 -0.869231 -0.00571083 0.494374 86.5559
0.448562 0.0131894 0.893654 -1.19232 -0.0116291 0.999893 -0.00892028 -0.900441 -0.893676 -0.00639111 0.448667 86.6983
0.406297 0.0106118 0.913679 -0.831755 -0.00442018 0.999944 -0.00964815 -0.906109 -0.91373 -0.000118608 0.406321 86.8115
0.367403 0.00302699 0.930057 -0.506782 0.0104787 0.999918 -0.00739382 -0.911725 -0.930003 0.0124623 0.367341 86.872
0.332147 -0.000675255 0.943227 -0.140135 0.0143252 0.999888 -0.00432862 -0.917173 -0.943119 0.0149496 0.332119 86.9626
0.29909 0.00337627 0.954219 0.22529 0.0114566 0.999909 -0.00712889 -0.925357 -0.954156 0.0130643 0.299024 87.0584
0.267588 0.0111908 0.963468 0.576921 0.00112966 0.999928 -0.011928 -0.936496 -0.963533 0.00428018 0.267556 87.1532
0.239307 0.0154555 0.970821 0.959715 -0.00380152 0.999881 -0.0149811 -0.955086 -0.970936 -0.000105505 0.239338 87.2391
0.213776 0.017091 0.976733 1.35567 -0.00244365 0.999853 -0.0169607 -0.970781 -0.97688 0.00123901 0.213787 87.3069
0.190544 0.0183239 0.981508 1.76235 0.00486533 0.999796 -0.0196099 -0.983321 -0.981667 0.0085119 0.190416 87.3568
0.170223 0.0247074 0.985096 2.13501 0.0116451 0.999565 -0.0270826 -0.981549 -0.985337 0.0160817 0.169861 87.3932
0.150515 0.0313972 0.988109 2.55899 0.0135266 0.999337 -0.0338144 -0.98448 -0.988515 0.0184553 0.149991 87.4461
0.132658 0.0323792 0.990633 3.01876 0.0115512 0.999348 -0.0342109 -0.995622 -0.991095 0.0159814 0.132197 87.505
0.117223 0.0278266 0.992716 3.47602 0.00942783 0.999531 -0.0291309 -1.02176 -0.993061 0.012774 0.116905 87.5529
0.102695 0.0245899 0.994409 3.95742 0.00954299 0.999624 -0.0257044 -1.04253 -0.994667 0.0121293 0.102422 87.5987
0.0894327 0.0220653 0.995748 4.45295 0.012239 0.999655 -0.0232511 -1.06103 -0.995918 0.0142664 0.0891318 87.6324
0.0775485 0.0214277 0.996758 4.94997 0.0161579 0.999611 -0.0227461 -1.07232 -0.996858 0.0178695 0.0771721 87.6613
0.0675421 0.0220566 0.997473 5.47884 0.0193267 0.999539 -0.023411 -1.08764 -0.997529 0.0208591 0.0670847 87.6873
0.059488 0.0225499 0.997974 6.01128 0.0212224 0.99949 -0.0238492 -1.10388 -0.998003 0.0225982 0.0589792 87.717
0.0537429 0.0231013 0.998288 6.57447 0.023227 0.999433 -0.0243782 -1.11719 -0.998285 0.0244974 0.0531758 87.7408
0.0483057 0.024058 0.998543 7.14889 0.0247052 0.999375 -0.0252732 -1.13652 -0.998527 0.0258901 0.0476812 87.7632
0.0423869 0.0246759 0.998797 7.72859 0.0255848 0.99934 -0.0257751 -1.15376 -0.998774 0.0266465 0.0417276 87.7845
0.037876 0.024691 0.998977 8.2899 0.0279797 0.999277 -0.0257592 -1.17245 -0.998891 0.0289268 0.0371577 87.7957
0.0351655 0.0247306 0.999075 8.91509 0.0298737 0.999221 -0.0257857 -1.18916 -0.998935 0.0307528 0.0343993 87.8106
0.0320067 0.0243158 0.999192 9.55665 0.0303341 0.99922 -0.0252882 -1.20789 -0.999027 0.031119 0.0312441 87.8329
0.0295455 0.0236233 0.999284 10.2427 0.0325298 0.999168 -0.0245824 -1.22785 -0.999034 0.0332328 0.0287524 87.851
0.0288681 0.0232067 0.999314 10.9154 0.0371258 0.999016 -0.0242722 -1.25039 -0.998894 0.037801 0.0279781 87.8664
0.029989 0.0228519 0.999289 11.6143 0.0408012 0.998877 -0.0240669 -1.27012 -0.998717 0.0414939 0.0290229 87.8812
0.0320483 0.0227909 0.999226 12.3285 0.0416756 0.99884 -0.0241188 -1.29745 -0.998617 0.0424164 0.0310613 87.9036
0.0358759 0.0226187 0.9991 13.0536 0.0441293 0.998733 -0.024195 -1.32254 -0.998381 0.0449577 0.0348323 87.9319
0.0400543 0.0222175 0.99895 13.8006 0.0443668 0.998727 -0.0239915 -1.34154 -0.998212 0.0452812 0.0390176 87.9666
0.0442376 0.0207697 0.998805 14.5101 0.0457807 0.998691 -0.022795 -1.35536 -0.997972 0.0467344 0.0432289 87.987
0.0481506 0.0190922 0.998658 15.2965 0.0455253 0.998736 -0.0212887 -1.38245 -0.997802 0.0464892 0.0472206 88.0306
0.0522077 0.0168878 0.998493 16.0851 0.0421085 0.998931 -0.0190969 -1.40956 -0.997748 0.043042 0.0514408 88.0784
0.0562457 0.0159983 0.998289 16.9079 0.041937 0.998951 -0.0183718 -1.42828 -0.997536 0.0428986 0.0555158 88.1345
0.0602463 0.0169989 0.998039 17.7142 0.0391715 0.999045 -0.0193806 -1.45115 -0.997415 0.0402623 0.0595229 88.1922
0.0634336 0.0209898 0.997765 18.5226 0.0372607 0.999032 -0.0233853 -1.47833 -0.99729 0.0386608 0.0625901 88.2472
0.0643235 0.0264426 0.997579 19.3339 0.0306841 0.999124 -0.028462 -1.5004 -0.997457 0.0324406 0.0634558 88.3148
0.0643886 0.0294913 0.997489 20.1599 0.0281277 0.999112 -0.031355 -1.5299 -0.997528 0.030076 0.0635019 88.3726
0.0644718 0.0291138 0.997495 20.9869 0.0257809 0.999192 -0.0308297 -1.55878 -0.997586 0.027704 0.0636691 88.4324
0.0644243 0.0272614 0.99755 21.7822 0.0229489 0.999322 -0.028792 -1.5973 -0.997659 0.0247476 0.063755 88.4896
0.0641693 0.0261852 0.997595 22.604 0.0239017 0.999329 -0.0277682 -1.62853 -0.997653 0.0256261 0.0635004 88.5489
0.0645551 0.025498 0.997588 23.4358 0.021762 0.9994 -0.0269526 -1.66303 -0.997677 0.0234495 0.0639615 88.6116
0.0647452 0.0257182 0.99757 24.2506 0.0200696 0.999432 -0.0270687 -1.69534 -0.9977 0.0217734 0.0641923 88.6629
0.0648578 0.0262987 0.997548 25.0768 0.0171015 0.999477 -0.0274615 -1.72906 -0.997748 0.0188407 0.0643741 88.7263
0.0636196 0.0277153 0.997589 25.9005 0.0146162 0.999481 -0.0287 -1.76092 -0.997867 0.0164068 0.0631815 88.79
0.060829 0.0272252 0.997777 26.7445 0.0112821 0.999545 -0.0279613 -1.80069 -0.998084 0.0129579 0.0604942 88.8431
0.0570087 0.0259892 0.998035 27.5662 0.00888463 0.999608 -0.0265377 -1.83441 -0.998334 0.01038 0.0567554 88.8975
0.0518372 0.0234395 0.99838 28.3776 0.00709812 0.999691 -0.0238388 -1.86953 -0.99863 0.00832236 0.0516547 88.9542
0.0453907 0.0215012 0.998738 29.2099 0.00423982 0.999755 -0.0217158 -1.89858 -0.99896 0.00522017 0.0452884 89.0042
0.0382939 0.0216682 0.999032 30.0034 0.00457925 0.999751 -0.0218593 -1.92659 -0.999256 0.0054119 0.0381851 89.0274
0.0293331 0.0225057 0.999316 30.8198 0.00382051 0.999737 -0.0226273 -1.95979 -0.999562 0.00448162 0.0292394 89.0588
0.0192478 0.022843 0.999554 31.6421 0.00293697 0.999733 -0.0229037 -1.99292 -0.99981 0.0033765 0.0191756 89.0678
0.00893214 0.0219365 0.999719 32.4338 0.00453712 0.999748 -0.0219776 -2.01826 -0.99995 0.00473215 0.00883036 89.0785
-0.00164525 0.0209817 0.999779 33.2537 0.00341352 0.999774 -0.020976 -2.04859 -0.999993 0.00337826 -0.0017165 89.0701
-0.0123077 0.0199251 0.999726 34.0576 0.00605833 0.999785 -0.0198516 -2.08397 -0.999906 0.00581234 -0.0124258 89.0647
-0.0233185 0.0203566 0.999521 34.8425 0.0064592 0.999775 -0.0202111 -2.11186 -0.999707 0.00598481 -0.0234448 89.0431
-0.0341923 0.0210075 0.999194 35.627 0.00680553 0.999761 -0.0207866 -2.13527 -0.999392 0.00608931 -0.0343271 89.0115
-0.0454372 0.0222492 0.998719 36.3809 0.00628688 0.999739 -0.0219859 -2.16089 -0.998947 0.00527985 -0.0455652 88.9874
-0.0559477 0.0231635 0.998165 37.1476 0.00680844 0.999716 -0.0228178 -2.19091 -0.99841 0.00551934 -0.0560896 88.9475
-0.0653394 0.0238641 0.997578 37.9149 0.0076373 0.999697 -0.0234145 -2.22228 -0.997834 0.00608891 -0.0655019 88.8929
-0.0747466 0.0244243 0.996903 38.6773 0.0079637 0.999683 -0.0238953 -2.24253 -0.997171 0.00615295 -0.0749174 88.8277
-0.0842259 0.0247083 0.99614 39.4334 0.00868029 0.999673 -0.024062 -2.27289 -0.996409 0.00662014 -0.0844128 88.7661
-0.0928554 0.0243238 0.995382 40.162 0.00989332 0.999675 -0.0235058 -2.29876 -0.99563 0.007665 -0.0930659 88.6993
-0.099906 0.0233139 0.994724 40.9063 0.0129908 0.999671 -0.0221251 -2.33133 -0.994912 0.0107119 -0.100176 88.6267
-0.105106 0.0216868 0.994225 41.632 0.0159076 0.999671 -0.0201239 -2.35842 -0.994334 0.0137006 -0.105416 88.5461
-0.108751 0.0201685 0.993864 42.3445 0.0190212 0.999653 -0.0182047 -2.38401 -0.993887 0.0169248 -0.109097 88.4621
-0.111848 0.0190323 0.993543 43.0247 0.0203174 0.999651 -0.0168621 -2.41196 -0.993518 0.0183002 -0.112195 88.3797
-0.113805 0.0182393 0.993336 43.7167 0.0205049 0.999662 -0.0160062 -2.43592 -0.993291 0.0185467 -0.114141 88.3068
-0.114686 0.0185758 0.993228 44.4029 0.0212893 0.999641 -0.0162375 -2.46125 -0.993174 0.0192829 -0.11504 88.2321
-0.113301 0.019115 0.993377 45.0209 0.0211048 0.999636 -0.0168283 -2.48483 -0.993337 0.0190584 -0.113663 88.156
-0.110353 0.0208786 0.993673 45.66 0.0225296 0.999575 -0.0185005 -2.50487 -0.993637 0.0203455 -0.110777 88.0855
-0.105192 0.0213837 0.994222 46.2808 0.0227374 0.999559 -0.0190928 -2.52726 -0.994192 0.0205976 -0.105632 88.0253
-0.096913 0.0221187 0.995047 46.8747 0.0224618 0.999547 -0.0200311 -2.55092 -0.995039 0.0204093 -0.0973659 87.9743
-0.0857933 0.0220352 0.996069 47.4563 0.0213431 0.999567 -0.0202743 -2.57358 -0.996084 0.0195198 -0.0862264 87.9341
-0.0720447 0.022377 0.99715 48.0228 0.0205998 0.999568 -0.0209429 -2.59856 -0.997189 0.0190322 -0.0724746 87.9038
-0.0545751 0.023624 0.99823 48.5658 0.020309 0.99954 -0.0225447 -2.61589 -0.998303 0.0190427 -0.0550297 87.8889
-0.0333199 0.0260293 0.999106 49.0928 0.018616 0.999504 -0.0254189 -2.64264 -0.999271 0.0177524 -0.0337879 87.8877
-0.0091112 0.0292436 0.999531 49.6163 0.0158789 0.99945 -0.0290965 -2.65875 -0.999832 0.0156064 -0.00957055 87.9011
0.0191199 0.0309037 0.999339 50.1404 0.0139783 0.999416 -0.0311735 -2.68288 -0.999719 0.0145651 0.0186767 87.9322
0.0524769 0.0303865 0.99816 50.6534 0.0117416 0.999449 -0.0310431 -2.70484 -0.998553 0.013349 0.0520912 87.976
0.0903904 0.0281057 0.99551 51.2007 0.0112728 0.999509 -0.0292421 -2.72495 -0.995843 0.0138654 0.0900292 88.044
0.132422 0.0243826 0.990893 51.7119 0.00917966 0.999624 -0.0258242 -2.7457 -0.991151 0.0125158 0.132149 88.1378
0.177624 0.0200603 0.983894 52.2158 0.00644389 0.999747 -0.0215469 -2.76759 -0.984077 0.0101674 0.17745 88.2564
0.225458 0.0167984 0.974108 52.6477 0.0012843 0.999845 -0.0175395 -2.78448 -0.974252 0.00520548 0.225402 88.4119
0.276907 0.0152433 0.960776 53.1244 -0.00238409 0.999882 -0.0151766 -2.8027 -0.960894 0.00191194 0.276911 88.5824
0.33177 0.0148468 0.943243 53.5834 -0.00323189 0.999888 -0.0146016 -2.81961 -0.943355 0.00179592 0.331781 88.7747
0.388783 0.0159783 0.921191 54.0251 5.29718e-05 0.999849 -0.017365 -2.83151 -0.921329 0.00680003 0.388724 88.9972
0.448933 0.0190439 0.893362 54.4469 0.000949851 0.999762 -0.0217893 -2.85083 -0.893565 0.0106305 0.448808 89.241
0.508345 0.0229779 0.860847 54.8438 0.00173712 0.999615 -0.0277077 -2.86191 -0.861152 0.0155805 0.508109 89.5163
0.564035 0.0262358 0.825334 55.1763 -0.00160727 0.999528 -0.0306747 -2.88517 -0.82575 0.015975 0.563811 89.8321
0.61941 0.0291302 0.784527 55.5189 -0.00539298 0.999446 -0.0328524 -2.89969 -0.785049 0.0161182 0.619224 90.1683
0.672072 0.0293005 0.739906 55.8405 -0.00626172 0.999406 -0.0338891 -2.92019 -0.740459 0.0181428 0.671856 90.5201
0.721135 0.0268781 0.692273 56.0764 -0.00571686 0.999444 -0.0328491 -2.93957 -0.692771 0.019731 0.720887 90.8444
0.766327 0.0236562 0.642015 56.3472 -0.00780581 0.999591 -0.0275145 -2.95447 -0.642403 0.0160737 0.766198 91.2357
0.807813 0.0181422 0.589159 56.5977 -0.00786889 0.999769 -0.019997 -2.97257 -0.589386 0.0115178 0.80777 91.6498
0.844883 0.0151771 0.534736 56.769 -0.00945931 0.999865 -0.0134329 -2.98441 -0.534868 0.00629101 0.844912 92.0243
0.87615 0.0114974 0.481901 56.9606 -0.00979169 0.999934 -0.00605448 -2.99551 -0.481938 0.000586009 0.876205 92.4616
0.901926 0.0116282 0.431733 57.1274 -0.0127871 0.999918 -0.000218258 -3.01221 -0.4317 -0.00532377 0.902001 92.9145
0.922569 0.0143204 0.385566 57.2245 -0.0166337 0.999858 0.00266461 -3.0102 -0.385473 -0.00887169 0.922676 93.295
0.937997 0.0200396 0.346064 57.3508 -0.0233854 0.999711 0.00549485 -3.01771 -0.345854 -0.013247 0.938195 93.7618
0.950085 0.0243757 0.311038 57.4706 -0.0271482 0.999621 0.00458652 -3.01902 -0.310808 -0.0128017 0.950386 94.2329
0.959863 0.0256459 0.279293 57.5368 -0.0280024 0.999598 0.00445002 -3.01459 -0.279066 -0.0120923 0.960196 94.6035
0.966123 0.0201557 0.257294 57.6596 -0.0220603 0.999746 0.00451782 -3.01839 -0.257138 -0.0100408 0.966322 95.0771
0.970198 0.0170667 0.241712 57.7742 -0.0188978 0.999808 0.00525916 -3.02509 -0.241576 -0.00967026 0.970334 95.5609
0.973158 0.0215272 0.22913 57.8783 -0.02327 0.999717 0.00490659 -3.0277 -0.22896 -0.0101067 0.973383 96.059
0.975311 0.0262183 0.219273 57.9696 -0.0280397 0.999593 0.00519821 -3.02676 -0.219047 -0.0112182 0.97565 96.5569
0.976387 0.0340105 0.213334 58.0658 -0.0356589 0.999356 0.00388241 -3.02702 -0.213065 -0.011398 0.976972 97.0714
0.97682 0.0399697 0.210298 58.1711 -0.0409753 0.99916 0.000424722 -3.03316 -0.210104 -0.00903189 0.977637 97.5932
0.976959 0.0416273 0.20933 58.2789 -0.0420911 0.999111 -0.00224061 -3.03717 -0.209238 -0.00662196 0.977842 98.1381
0.976458 0.0403694 0.211894 58.3979 -0.0400512 0.999181 -0.00579504 -3.04539 -0.211955 -0.00282802 0.977275 98.6945
0.975634 0.0391244 0.215887 58.5273 -0.0373895 0.999227 -0.0121162 -3.0556 -0.216194 0.00374905 0.976343 99.2499
0.974813 0.0387642 0.21963 58.6527 -0.0358773 0.99921 -0.0171195 -3.05811 -0.22012 0.00880859 0.975433 99.8205
0.97359 0.0436203 0.224097 58.777 -0.0409278 0.999023 -0.0166482 -3.06957 -0.224604 0.00703672 0.974425 100.411
0.972117 0.0467089 0.229799 58.9126 -0.0450228 0.998907 -0.0125778 -3.08338 -0.230135 0.00188085 0.973157 101.015
0.971195 0.0432946 0.234319 59.0569 -0.0425934 0.99906 -0.00805468 -3.09447 -0.234448 -0.0021578 0.972126 101.591
0.970426 0.0392343 0.238188 59.2135 -0.0397779 0.999205 -0.00252573 -3.10301 -0.238098 -0.00702359 0.971216 102.219
0.969635 0.0366209 0.241798 59.3747 -0.0383118 0.999263 0.00229344 -3.11584 -0.241536 -0.0114875 0.970324 102.847
0.969123 0.0316297 0.244542 59.5376 -0.0332909 0.999442 0.00266176 -3.11452 -0.244322 -0.0107206 0.969635 103.493
0.969159 0.0284026 0.244796 59.7065 -0.0291955 0.999574 -0.000389581 -3.12035 -0.244702 -0.00676938 0.969575 104.135
0.969306 0.027924 0.244266 59.8741 -0.0269418 0.99961 -0.00736207 -3.13032 -0.244377 0.000555139 0.96968 104.786
0.969431 0.030394 0.243476 60.0315 -0.027767 0.999513 -0.0142149 -3.13594 -0.24379 0.00701979 0.969803 105.443
0.969976 0.033481 0.240884 60.1901 -0.0300205 0.999387 -0.0180224 -3.14197 -0.241339 0.0102499 0.970387 106.115
0.970634 0.0315643 0.238483 60.3542 -0.0291531 0.999482 -0.013632 -3.15701 -0.23879 0.00627916 0.971051 106.806
0.970998 0.0277329 0.237472 60.5257 -0.0271002 0.999615 -0.00592889 -3.16644 -0.237545 -0.000678597 0.971376 107.539
0.971608 0.0280949 0.234924 60.7005 -0.0288448 0.999584 -0.000244218 -3.17656 -0.234833 -0.00653907 0.972014 108.267
0.971944 0.0314658 0.233097 60.8675 -0.0321336 0.999483 -0.000932853 -3.18462 -0.233006 -0.00658357 0.972453 108.998
0.972332 0.035853 0.230838 61.0149 -0.0355543 0.999353 -0.00545478 -3.20415 -0.230884 -0.00290342 0.972977 109.725
0.973172 0.0367482 0.227124 61.172 -0.0352665 0.999322 -0.0105799 -3.21791 -0.227358 0.00228622 0.973808 110.457
0.974125 0.0355632 0.223193 61.3446 -0.0333824 0.999351 -0.0135375 -3.22746 -0.223529 0.00573654 0.97468 111.232
0.975129 0.0332269 0.219135 61.525 -0.0312867 0.999435 -0.0123193 -3.22922 -0.21942 0.00515688 0.975617 111.988
0.975997 0.02937 0.215795 61.7025 -0.0278255 0.999561 -0.0101928 -3.24566 -0.215999 0.00394357 0.976386 112.783
0.976413 0.0284771 0.214027 61.8709 -0.0275484 0.999594 -0.00732106 -3.26195 -0.214149 0.00125226 0.9768 113.574
0.97673 0.0253135 0.212974 62.0464 -0.0248322 0.999679 -0.00493518 -3.27766 -0.213031 -0.000468283 0.977045 114.374
0.976974 0.0200522 0.212416 62.2293 -0.0196604 0.999799 -0.00395705 -3.28486 -0.212453 -0.000310238 0.977171 115.188
0.977091 0.0212002 0.211763 62.4019 -0.0212112 0.999773 -0.00221974 -3.29714 -0.211762 -0.00232286 0.977319 115.993
0.976843 0.0264823 0.21231 62.5531 -0.0262325 0.999648 -0.00399393 -3.30972 -0.212341 -0.00166798 0.977194 116.776
0.976569 0.0322972 0.212767 62.7239 -0.0314726 0.999478 -0.00726194 -3.32327 -0.21289 0.00039545 0.977076 117.598
0.976067 0.0409827 0.213574 62.886 -0.0400477 0.99916 -0.00870451 -3.33648 -0.213751 -5.69433e-05 0.976888 118.419
0.97515 0.0468105 0.216545 63.0503 -0.046138 0.998902 -0.00816271 -3.35764 -0.21669 -0.00203111 0.976238 119.214
0.97435 0.0491778 0.2196 63.2251 -0.0490295 0.998779 -0.00612839 -3.37448 -0.219633 -0.00479569 0.975571 120.059
0.973742 0.0497594 0.222152 63.4049 -0.0494359 0.998753 -0.00702011 -3.39085 -0.222224 -0.00414648 0.974987 120.894
0.973392 0.0485302 0.223948 63.6032 -0.0474933 0.998821 -0.0100172 -3.39691 -0.22417 -0.00088537 0.97455 121.766
0.97342 0.0422701 0.225094 63.8036 -0.0413882 0.999106 -0.00863718 -3.41295 -0.225258 -0.000908654 0.974299 122.602
0.973633 0.035323 0.225369 64.0032 -0.0339147 0.999374 -0.0101184 -3.43324 -0.225585 0.00220824 0.974221 123.44
0.973405 0.0345037 0.226477 64.1975 -0.0330798 0.999402 -0.0100804 -3.45563 -0.226689 0.00232051 0.973964 124.235
0.97287 0.0371678 0.228346 64.3789 -0.0364709 0.999308 -0.00727225 -3.46959 -0.228458 -0.00125302 0.973553 125.084
0.972546 0.0390077 0.229418 64.5716 -0.039742 0.999209 -0.00142062 -3.48621 -0.229292 -0.0077359 0.973327 125.913
0.972134 0.0426069 0.230519 64.7683 -0.0444078 0.99901 0.00262729 -3.5043 -0.230179 -0.0127909 0.973064 126.785
0.971886 0.0419939 0.231675 64.9564 -0.0422652 0.999099 -0.00379447 -3.52141 -0.231626 -0.006104 0.972786 127.611
0.972119 0.0379905 0.23139 65.1542 -0.0347425 0.999232 -0.0180972 -3.54125 -0.2319 0.00955355 0.972693 128.427
0.972515 0.0348769 0.230213 65.3637 -0.0294123 0.999199 -0.0271274 -3.5555 -0.230974 0.0196107 0.972762 129.248
0.972726 0.0320606 0.22973 65.5556 -0.0286821 0.999426 -0.0180316 -3.57554 -0.230176 0.0109507 0.973087 130.076
0.973165 0.0251069 0.228735 65.7551 -0.0264438 0.999646 0.00278114 -3.59469 -0.228584 -0.00875513 0.973485 130.924
0.973409 0.0214527 0.228069 65.9404 -0.0263136 0.999486 0.0182938 -3.62171 -0.227559 -0.0238087 0.973473 131.759
0.973456 0.026192 0.227372 66.1193 -0.0298422 0.999475 0.0126303 -3.63248 -0.226921 -0.0190803 0.973726 132.57
0.973626 0.0346754 0.225501 66.2878 -0.034789 0.999389 -0.00347128 -3.63403 -0.225483 -0.00446522 0.974237 133.36
0.973915 0.0346955 0.224243 66.4687 -0.033034 0.999392 -0.0111577 -3.63996 -0.224494 0.00345901 0.974469 134.167
0.974546 0.0303498 0.222122 66.6579 -0.0284409 0.999526 -0.0117884 -3.66149 -0.222374 0.00517096 0.974948 134.975
0.975224 0.0296671 0.219221 66.8444 -0.0281262 0.999553 -0.0101471 -3.68665 -0.219424 0.00372983 0.975622 135.81
0.975948 0.0306414 0.21584 67.0174 -0.0288229 0.999518 -0.0115689 -3.69488 -0.21609 0.00506949 0.97636 136.635
0.976995 0.0313757 0.21094 67.1902 -0.0293004 0.999487 -0.0129574 -3.71924 -0.211238 0.0064787 0.977413 137.446
0.977464 0.0363801 0.207944 67.3481 -0.0344476 0.999323 -0.0129085 -3.74505 -0.208273 0.00545441 0.978056 138.25
0.977648 0.0420969 0.205991 67.4915 -0.0402066 0.999102 -0.0133558 -3.76415 -0.206368 0.00477511 0.978463 139.035
0.977969 0.0434391 0.204183 67.6472 -0.0419729 0.999052 -0.0115081 -3.78209 -0.204489 0.00268439 0.978865 139.836
0.978286 0.0413578 0.203091 67.8101 -0.0408803 0.999143 -0.00654719 -3.80354 -0.203188 -0.0018974 0.979138 140.64
0.978535 0.0410694 0.201946 67.9589 -0.0406181 0.999154 -0.00637974 -3.82757 -0.202037 -0.00195987 0.979376 141.4
0.979115 0.039924 0.19935 68.1199 -0.038858 0.999202 -0.00925843 -3.84787 -0.19956 0.00131873 0.979885 142.197
0.980288 0.0353555 0.194387 68.2866 -0.0334176 0.999354 -0.013241 -3.85864 -0.19473 0.006484 0.980836 142.981
0.981697 0.0315622 0.187818 68.4305 -0.0293652 0.999464 -0.014469 -3.87109 -0.188174 0.00868888 0.982097 143.776
0.982972 0.0296621 0.181345 68.5806 -0.0284868 0.999553 -0.00908232 -3.89123 -0.181534 0.00376172 0.983378 144.585
0.984084 0.0272002 0.175609 68.7108 -0.0275439 0.99962 -0.000480441 -3.91198 -0.175555 -0.00436416 0.98446 145.382
0.984845 0.0236054 0.171825 68.8638 -0.025501 0.999636 0.00883265 -3.91126 -0.171553 -0.0130805 0.985088 146.234
0.985325 0.0302865 0.167979 68.9818 -0.0326636 0.999401 0.0114052 -3.91652 -0.167533 -0.0167246 0.985725 147.033
0.986037 0.0332925 0.163167 69.1029 -0.0348916 0.999367 0.00694345 -3.92658 -0.162832 -0.0125396 0.986574 147.83
0.987237 0.0340709 0.155571 69.2273 -0.0339682 0.999417 -0.00331915 -3.93342 -0.155594 -0.00200769 0.987819 148.617
0.988315 0.0310122 0.149234 69.3439 -0.0300256 0.99951 -0.00886026 -3.93868 -0.149436 0.00427588 0.988762 149.408
0.989312 0.0301721 0.142656 69.4528 -0.0293739 0.999539 -0.00769854 -3.95262 -0.142823 0.0034259 0.989742 150.221
0.990166 0.0364459 0.135069 69.5432 -0.0361924 0.999335 -0.00433233 -3.9728 -0.135137 -0.000598737 0.990827 151.016
0.990977 0.0422012 0.127214 69.6286 -0.0417913 0.999109 -0.00589065 -3.98551 -0.12735 0.000521047 0.991858 151.836
0.992132 0.0450077 0.116828 69.7183 -0.0439622 0.998967 -0.0115117 -4.00262 -0.117225 0.00628515 0.993085 152.653
0.993133 0.0436091 0.108557 69.7955 -0.0423282 0.999005 -0.0140769 -4.01094 -0.109063 0.00938521 0.993991 153.446
0.994001 0.0434416 0.100375 69.8748 -0.0425238 0.999032 -0.0112658 -4.02222 -0.100767 0.00692992 0.994886 154.259
0.994611 0.0463633 0.0927324 69.9395 -0.0461858 0.998925 -0.00406055 -4.04064 -0.0928209 -0.000244246 0.995683 155.094
0.99513 0.0498731 0.0850265 69.989 -0.0501929 0.998738 0.00162684 -4.05112 -0.084838 -0.00588664 0.996377 155.963
0.995791 0.0488497 0.0775462 70.045 -0.0493833 0.998767 0.00497786 -4.05778 -0.0772075 -0.0087864 0.996976 156.788
0.996181 0.0500148 0.0715638 70.0913 -0.0506551 0.998691 0.00715948 -4.06694 -0.071112 -0.0107572 0.99741 157.621
0.996578 0.0483375 0.0670466 70.1698 -0.0488404 0.998789 0.00588156 -4.08532 -0.0666811 -0.00913601 0.997733 158.472
0.996634 0.0532664 0.0623155 70.2102 -0.0533973 0.998573 0.000435054 -4.09445 -0.0622035 -0.00376107 0.998056 159.298
0.99651 0.0594697 0.0585725 70.2392 -0.0592088 0.998226 -0.00618123 -4.10248 -0.0588362 0.00269165 0.998264 160.118
0.996711 0.0593152 0.055215 70.2822 -0.058943 0.998226 -0.00834704 -4.11286 -0.0556122 0.00506504 0.99844 160.883
0.996766 0.0610985 0.0522059 70.3192 -0.0610676 0.998131 -0.00218868 -4.12185 -0.0522421 -0.00100649 0.998634 161.718
0.996726 0.0631652 0.0504654 70.3486 -0.0636609 0.997937 0.00827448 -4.13097 -0.0498386 -0.0114601 0.998692 162.56
0.996732 0.0652953 0.0475547 70.38 -0.0660951 0.997694 0.0154444 -4.12677 -0.0464366 -0.0185371 0.998749 163.445
0.997188 0.0617284 0.0424867 70.4119 -0.0623077 0.997979 0.0124454 -4.13383 -0.0416326 -0.0150576 0.99902 164.261
0.998079 0.0497865 0.0368657 70.4427 -0.0499176 0.99875 0.00264228 -4.14332 -0.0366881 -0.00447745 0.999317 165.091
0.998474 0.0467919 0.0293246 70.4794 -0.0467531 0.998904 -0.0020105 -4.14245 -0.0293865 0.000636421 0.999568 165.932
0.998468 0.0505052 0.0226139 70.4812 -0.0505013 0.998724 -0.000744461 -4.14645 -0.0226226 -0.00039871 0.999744 166.759
0.9987 0.0486944 0.0151027 70.4892 -0.0487861 0.998793 0.00576261 -4.15721 -0.0148039 -0.00649192 0.999869 167.592
0.999016 0.0436908 0.00766114 70.4966 -0.0437625 0.998997 0.00945383 -4.16275 -0.00724041 -0.0097798 0.999926 168.372
0.999382 0.0350939 0.00206307 70.498 -0.035119 0.999289 0.0137027 -4.16207 -0.00158072 -0.0137666 0.999904 169.214
0.999526 0.0305051 -0.00425603 70.4982 -0.0304445 0.999443 0.0136473 -4.16304 0.00466998 -0.0135113 0.999898 170.035
0.999575 0.0271121 -0.0107498 70.4895 -0.0270403 0.999611 0.00677192 -4.1686 0.0109292 -0.00647837 0.999919 170.865
0.99967 0.0179043 -0.0184147 70.4797 -0.0179674 0.999833 -0.00326961 -4.17445 0.0183531 0.0035994 0.999825 171.704
0.999654 0.00773937 -0.0251374 70.4758 -0.00792669 0.999941 -0.00736081 -4.17824 0.0250789 0.00755752 0.999657 172.545
0.999459 0.0116074 -0.03076 70.4232 -0.0116058 0.999933 0.000232318 -4.1876 0.0307606 0.000124801 0.999527 173.346
0.999113 0.0224007 -0.0356562 70.3733 -0.0219343 0.999669 0.0134178 -4.18878 0.035945 -0.0126238 0.999274 174.208
0.998822 0.0271215 -0.0402463 70.3237 -0.026281 0.999428 0.0212676 -4.19723 0.0408001 -0.0201848 0.998963 175.052
0.998685 0.0265079 -0.0438723 70.2663 -0.0257128 0.999496 0.0185907 -4.20404 0.044343 -0.0174381 0.998864 175.891
0.998544 0.0279805 -0.0461168 70.2187 -0.027636 0.999585 0.00809234 -4.2084 0.0463241 -0.00680607 0.998903 176.735
0.998017 0.0392875 -0.0491785 70.1631 -0.0393838 0.999224 -0.000988935 -4.21225 0.0491015 0.00292381 0.99879 177.566
0.998014 0.0359484 -0.0517233 70.1209 -0.0362483 0.999331 -0.00487027 -4.2027 0.0515136 0.00673548 0.99865 178.404
0.998066 0.0304976 -0.0541649 70.0809 -0.030536 0.999534 0.00011791 -4.21316 0.0541433 0.0015363 0.998532 179.27
0.998072 0.0303579 -0.0541341 70.0369 -0.0299287 0.999514 0.00872151 -4.21409 0.0543725 -0.00708453 0.998496 180.119
0.998034 0.0323536 -0.0536824 69.9749 -0.0316284 0.999397 0.014305 -4.22513 0.0541128 -0.012579 0.998456 180.998
0.997941 0.0320572 -0.0555496 69.9293 -0.0313482 0.999416 0.0135886 -4.2304 0.0559528 -0.0118193 0.998363 181.847
0.997917 0.0288186 -0.0577224 69.8742 -0.0286036 0.99958 0.00454705 -4.23687 0.0578292 -0.00288651 0.998322 182.704
0.998015 0.0198173 -0.0597829 69.824 -0.0202851 0.999768 -0.00722749 -4.24465 0.0596258 0.00842584 0.998185 183.518
0.998046 0.00930259 -0.0617858 69.7823 -0.0100127 0.999887 -0.0111938 -4.2568 0.0616747 0.0117906 0.998027 184.366
0.997959 0.0118143 -0.0627557 69.7235 -0.0122533 0.999903 -0.00661497 -4.27064 0.0626714 0.00737043 0.998007 185.23
0.997791 0.017596 -0.0640539 69.6621 -0.0173524 0.99984 0.0043582 -4.28716 0.0641203 -0.00323709 0.997937 186.061
0.997672 0.018985 -0.0655063 69.601 -0.0184981 0.999797 0.00803232 -4.29983 0.0656455 -0.00680187 0.99782 186.905
0.997632 0.017786 -0.0664378 69.5418 -0.0175393 0.999837 0.00429509 -4.3074 0.0665034 -0.00311965 0.997781 187.757
0.99765 0.0172912 -0.0663027 69.4862 -0.0174579 0.999846 -0.00193555 -4.31376 0.066259 0.00308851 0.997798 188.597
0.997491 0.0243298 -0.0664866 69.4114 -0.0245342 0.999696 -0.00225945 -4.32233 0.0664114 0.00388497 0.997785 189.441
0.997399 0.0265188 -0.0670203 69.3505 -0.0265333 0.999648 0.000674123 -4.33173 0.0670146 0.0011059 0.997751 190.285
0.997271 0.0297957 -0.067552 69.2844 -0.029567 0.999553 0.00438283 -4.35221 0.0676524 -0.00237356 0.997706 191.151
0.997171 0.0334278 -0.0673245 69.2131 -0.0330208 0.999429 0.00714983 -4.35792 0.0675251 -0.00490649 0.997706 191.992
0.997005 0.0367691 -0.0680425 69.1488 -0.0364019 0.999315 0.00662841 -4.35895 0.0682396 -0.00413168 0.99766 192.833
0.99703 0.0349064 -0.0686532 69.098 -0.0347754 0.99939 0.00310281 -4.37399 0.0687196 -0.000706159 0.997636 193.562
0.996897 0.0363523 -0.0698249 69.0351 -0.0366004 0.999327 -0.00227661 -4.38283 0.0696952 0.00482517 0.997557 194.36
0.996718 0.0390274 -0.0709255 68.9616 -0.0392744 0.999226 -0.00209013 -4.38789 0.0707891 0.00486883 0.997479 195.199
0.996595 0.0393581 -0.0724474 68.9022 -0.0388971 0.999213 0.00776373 -4.39596 0.0726959 -0.00491931 0.997342 196.009
