1 0 0 0 0 1 0 0 0 0 1 0
0.999965 -0.000851274 -0.00833756 -0.0149964 0.000854221 1 0.000349903 -0.0263416 0.00833726 -0.000357013 0.999965 1.03625
0.999901 0.00332256 -0.0136521 0.00466807 -0.00340456 0.999976 -0.0059872 0.0161316 0.0136319 0.00603309 0.999889 1.55469
0.99981 0.00292984 -0.0192536 -0.00130823 -0.00305919 0.999973 -0.00669229 0.0102265 0.0192335 0.00674992 0.999792 2.07513
0.999684 0.00195634 -0.0250476 0.00206322 -0.00212388 0.999976 -0.00666387 -0.00846423 0.025034 0.00671497 0.999664 2.59567
0.99963 0.00578585 -0.0265939 -0.103091 -0.0059405 0.999966 -0.00573984 -0.0314749 0.0265598 0.0058957 0.99963 4.42921
0.999507 0.00622309 -0.0307643 -0.135101 -0.0063546 0.999971 -0.0041787 -0.0376838 0.0307374 0.00437214 0.999518 5.21888
0.999371 0.00526435 -0.0350767 -0.16933 -0.00532257 0.999985 -0.00156663 -0.0443555 0.0350679 0.00175235 0.999383 6.0274
0.999232 0.0049337 -0.0388685 -0.198722 -0.00489947 0.999988 0.000975845 -0.0525741 0.0388729 -0.00078466 0.999244 6.84517
0.999124 0.00640189 -0.041359 -0.241129 -0.00639494 0.99998 0.000300469 -0.0607613 0.0413601 -3.57177e-05 0.999144 7.66614
0.999034 0.00587757 -0.0435391 -0.281248 -0.00587615 0.999983 0.000160592 -0.0672725 0.0435393 9.54057e-05 0.999052 8.49248
0.998952 0.00299096 -0.0456717 -0.319809 -0.00302167 0.999995 -0.000603394 -0.0733157 0.0456696 0.000740767 0.998956 9.34617
0.998864 0.00281071 -0.0475608 -0.36281 -0.00280247 0.999996 0.000239934 -0.0804394 0.0475613 -0.000106374 0.998868 10.1945
0.998793 0.00140625 -0.0491028 -0.402638 -0.00140831 0.999999 -7.34589e-06 -0.0889311 0.0491028 7.64893e-05 0.998794 11.0517
0.998693 0.00296348 -0.0510333 -0.45326 -0.00307512 0.999993 -0.00210925 -0.097532 0.0510267 0.00226342 0.998695 11.9505
0.998625 0.00340356 -0.052306 -0.505222 -0.00365375 0.999982 -0.00468831 -0.105447 0.0522891 0.00487297 0.99862 12.8261
0.998509 0.00737697 -0.0540793 -0.560779 -0.00772593 0.999951 -0.00624661 -0.116557 0.0540305 0.00665511 0.998517 13.7068
0.998448 0.00858675 -0.0550295 -0.613763 -0.00890722 0.999945 -0.00558113 -0.131304 0.0549785 0.00606263 0.998469 14.5583
0.99838 0.00778711 -0.056355 -0.666823 -0.00802941 0.999959 -0.00407425 -0.14517 0.0563209 0.00452015 0.998402 15.4588
0.998298 0.00849624 -0.0576938 -0.725809 -0.00865818 0.999959 -0.00255746 -0.157132 0.0576697 0.00305263 0.998331 16.3687
0.998258 0.00842733 -0.0583883 -0.790651 -0.00859147 0.99996 -0.00256073 -0.167574 0.0583643 0.00305792 0.998291 17.2823
0.998162 0.00817429 -0.0600432 -0.848891 -0.00839417 0.999959 -0.00341079 -0.177753 0.0600128 0.00390853 0.99819 18.1956
0.998109 0.00648581 -0.0611319 -0.905306 -0.00674517 0.999969 -0.0040372 -0.190736 0.0611039 0.00444191 0.998122 19.1128
0.998058 0.00630188 -0.0619689 -0.960202 -0.00645738 0.999976 -0.00230927 -0.201024 0.0619529 0.00270494 0.998075 20.0327
0.998055 0.00769498 -0.0618618 -1.0224 -0.00764052 0.99997 0.00111698 -0.2132 0.0618685 -0.000642154 0.998084 20.9669
0.998099 0.00854693 -0.0610351 -1.08568 -0.00825893 0.999954 0.00496936 -0.223757 0.0610747 -0.00445583 0.998123 21.9074
0.998209 0.00736609 -0.0593712 -1.15138 -0.00692391 0.999947 0.00765012 -0.221469 0.0594244 -0.00722533 0.998207 22.8592
0.998299 0.00776742 -0.057779 -1.21088 -0.00728953 0.999937 0.00847722 -0.227629 0.0578412 -0.00804162 0.998293 23.8065
0.998377 0.00793887 -0.0563912 -1.26933 -0.00763195 0.999955 0.00565613 -0.231451 0.0564336 -0.00521657 0.998393 24.7541
0.998417 0.00892116 -0.0555263 -1.32234 -0.00888784 0.99996 0.000847082 -0.242244 0.0555316 -0.000352233 0.998457 25.7477
0.998495 0.00809645 -0.0542445 -1.37834 -0.00822069 0.999964 -0.00206765 -0.251297 0.0542258 0.00251046 0.998526 26.7103
0.998552 0.00564019 -0.0535001 -1.4298 -0.00570063 0.999983 -0.000977259 -0.260082 0.0534937 0.00128083 0.998567 27.686
0.998568 0.00491383 -0.0532775 -1.48868 -0.00472554 0.999982 0.00365956 -0.262701 0.0532945 -0.00340255 0.998573 28.6361
0.998535 0.00113293 -0.054092 -1.53961 -0.000747047 0.999974 0.00715341 -0.272038 0.0540987 -0.00710253 0.99851 29.6229
0.998459 -0.0063479 -0.0551232 -1.58594 0.00671484 0.999956 0.00647402 -0.275734 0.0550797 -0.00683418 0.998459 30.6072
0.998335 -0.00949673 -0.056901 -1.64154 0.009665 0.99995 0.00268269 -0.284274 0.0568727 -0.00322817 0.998376 31.625
0.998252 -0.0093441 -0.0583611 -1.70223 0.009295 0.999956 -0.00111265 -0.294564 0.0583689 0.000568237 0.998295 32.6154
0.998132 -0.0083015 -0.0605199 -1.76617 0.00820164 0.999965 -0.00189836 -0.300565 0.0605335 0.00139846 0.998165 33.6182
0.998079 -0.0078294 -0.0614635 -1.8407 0.00779962 0.999969 -0.000724431 -0.312062 0.0614673 0.000243648 0.998109 34.6444
0.998027 -0.00472915 -0.0626037 -1.91264 0.0048749 0.999986 0.00217568 -0.324947 0.0625925 -0.00247657 0.998036 35.6556
0.997948 -0.00476435 -0.0638595 -1.97917 0.00499583 0.999982 0.00346565 -0.333692 0.0638418 -0.00377757 0.997953 36.6617
0.997895 -0.00306139 -0.0647843 -2.0551 0.0034596 0.999976 0.00603538 -0.340608 0.0647643 -0.0062468 0.997881 37.731
0.997901 -0.00318643 -0.064685 -2.12315 0.00378599 0.999951 0.00914845 -0.348368 0.0646526 -0.00937414 0.997864 38.7419
0.997876 0.00251031 -0.0650959 -2.20427 -0.00176516 0.999932 0.011502 -0.352772 0.0651204 -0.0113627 0.997813 39.7568
0.997836 0.0011948 -0.0657456 -2.26397 -0.000474548 0.99994 0.0109697 -0.350421 0.0657548 -0.0109148 0.997776 40.6811
0.997834 0.0013514 -0.0657663 -2.33188 -0.000744417 0.999957 0.00925295 -0.35253 0.065776 -0.00918395 0.997792 41.6874
0.997846 0.00368715 -0.0654922 -2.41124 -0.00323907 0.999971 0.00694665 -0.353681 0.0655159 -0.00671956 0.997829 42.6837
0.997759 0.00291796 -0.0668405 -2.47448 -0.00244847 0.999972 0.00710485 -0.362086 0.0668593 -0.00692528 0.997738 43.6885
0.997674 0.000921668 -0.0681576 -2.54001 -0.000349711 0.999965 0.00840315 -0.370756 0.0681629 -0.00835977 0.997639 44.6892
0.997635 0.00155525 -0.0687234 -2.61905 -0.000904521 0.999954 0.00949899 -0.377598 0.068735 -0.00941436 0.997591 45.6753
0.997624 0.00439804 -0.068752 -2.70227 -0.00400619 0.999975 0.00583637 -0.378607 0.0687759 -0.00554707 0.997617 46.6826
0.997569 0.00499573 -0.0695102 -2.77891 -0.0048987 0.999987 0.00156629 -0.383515 0.0695171 -0.00122197 0.99758 47.6597
0.997513 0.00605835 -0.0702202 -2.84802 -0.00604312 0.999982 0.000429381 -0.394824 0.0702215 -3.96398e-06 0.997531 48.6479
0.997516 0.0049179 -0.0702666 -2.9184 -0.00465462 0.999982 0.00391006 -0.410879 0.0702845 -0.00357328 0.997521 49.5976
0.997504 0.00317293 -0.0705368 -2.98568 -0.00267559 0.999971 0.00714418 -0.423711 0.0705574 -0.00693762 0.997484 50.5738
0.997494 0.00128975 -0.0707457 -3.05443 -0.000736077 0.999969 0.00785181 -0.432319 0.0707536 -0.00778006 0.997463 51.5417
0.997471 -0.00393592 -0.0709634 -3.13392 0.00442638 0.999967 0.00675553 -0.430604 0.0709345 -0.00705256 0.997456 52.5353
0.997422 -0.00649981 -0.0714612 -3.20071 0.00690536 0.999961 0.00542948 -0.437945 0.0714231 -0.00590895 0.997429 53.4956
0.997335 -0.0082223 -0.07249 -3.27376 0.00872255 0.99994 0.00658703 -0.444274 0.0724315 -0.00720178 0.997347 54.4559
0.99723 -0.0107903 -0.0735908 -3.33529 0.0116197 0.999874 0.010852 -0.454552 0.0734645 -0.0116771 0.997229 55.3823
0.997185 -0.0115678 -0.074079 -3.40771 0.0127731 0.999793 0.0158165 -0.457272 0.0738807 -0.0167182 0.997127 56.3379
0.997153 -0.00985058 -0.0747605 -3.47915 0.011234 0.999773 0.0181071 -0.458812 0.0745652 -0.0188954 0.997037 57.2847
0.997031 -0.00978316 -0.0763711 -3.55653 0.010886 0.999842 0.0140378 -0.45896 0.0762217 -0.0148275 0.996981 58.2124
0.996953 -0.00812701 -0.0775766 -3.63536 0.00864243 0.999943 0.00631064 -0.462799 0.0775208 -0.00696186 0.996966 59.1348
0.99691 -0.00648514 -0.0782825 -3.71517 0.00662386 0.999977 0.00151253 -0.467876 0.0782709 -0.00202639 0.99693 60.0518
0.996828 -0.00153591 -0.0795654 -3.78925 0.00173616 0.999995 0.00244769 -0.479569 0.0795613 -0.00257807 0.996827 60.9311
0.99675 0.00112535 -0.0805518 -3.86903 -0.000737952 0.999988 0.00483889 -0.494543 0.0805563 -0.00476372 0.996739 61.8297
0.996649 0.00358872 -0.0817203 -3.94396 -0.00308192 0.999975 0.00632693 -0.505142 0.081741 -0.00605388 0.996635 62.7054
0.996597 0.00536268 -0.0822569 -4.03187 -0.00487754 0.99997 0.00609769 -0.517269 0.0822871 -0.00567573 0.996593 63.649
0.996459 0.00705874 -0.0837885 -4.11192 -0.00649709 0.999955 0.00697396 -0.527645 0.083834 -0.00640488 0.996459 64.5081
0.996347 0.00785754 -0.0850338 -4.19487 -0.00724584 0.999946 0.00749978 -0.535548 0.0850882 -0.00685624 0.99635 65.3624
0.996193 0.00744792 -0.0868617 -4.26886 -0.00679905 0.999947 0.00776361 -0.536475 0.0869149 -0.00714347 0.99619 66.2141
0.996089 0.00723706 -0.0880535 -4.34682 -0.00649406 0.999941 0.00872158 -0.540941 0.0881114 -0.00811565 0.996078 67.0319
0.995944 0.0100657 -0.0894054 -4.42512 -0.00907473 0.999893 0.0114835 -0.545438 0.0895114 -0.0106256 0.995929 67.8398
0.995812 0.0111844 -0.0907373 -4.50395 -0.00977861 0.999825 0.0159232 -0.564562 0.0908996 -0.0149692 0.995748 68.6107
0.995623 0.01422 -0.0923682 -4.58294 -0.0126366 0.999763 0.0177049 -0.567563 0.0925981 -0.0164602 0.995568 69.3856
0.995459 0.0169637 -0.0936662 -4.664 -0.0157559 0.999783 0.0136192 -0.574044 0.0938769 -0.0120816 0.995511 70.1365
0.995349 0.0179315 -0.0946487 -4.73619 -0.0174042 0.999828 0.00639322 -0.578657 0.0947471 -0.00471619 0.99549 70.8338
0.995222 0.0169924 -0.0961484 -4.80512 -0.0170326 0.999855 0.000403408 -0.5816 0.0961413 0.00123617 0.995367 71.5466
0.995179 0.0177894 -0.0964445 -4.88063 -0.0179491 0.999839 -0.000789106 -0.585315 0.0964149 0.0025164 0.995338 72.2357
0.99505 0.0208388 -0.0971693 -4.94804 -0.0206406 0.999782 0.00304487 -0.60102 0.0972116 -0.00102416 0.995263 72.9
0.994924 0.0210367 -0.0984079 -5.01643 -0.020593 0.999773 0.0055225 -0.619322 0.0985018 -0.00346795 0.995131 73.5556
0.994885 0.0178524 -0.0994285 -5.07965 -0.0177162 0.999841 0.00225293 -0.630959 0.0994529 -0.000479905 0.995042 74.1882
0.994992 0.00936058 -0.0995178 -5.13103 -0.0096796 0.999949 -0.00272331 -0.643359 0.0994873 0.00367296 0.995032 74.8154
0.995126 0.00527794 -0.0984653 -5.18571 -0.0060494 0.999953 -0.00753792 -0.652922 0.0984209 0.00809684 0.995112 75.4129
0.995427 0.00786092 -0.0952035 -5.2475 -0.00863815 0.999933 -0.00775456 -0.663409 0.0951361 0.00854148 0.995428 75.9973
0.995759 0.0133516 -0.0910269 -5.31169 -0.0138446 0.999893 -0.00478678 -0.675698 0.0909532 0.0060267 0.995837 76.5895
0.996197 0.0118065 -0.0863294 -5.35739 -0.0119943 0.999927 -0.00165636 -0.687735 0.0863035 0.00268552 0.996265 77.1451
0.996702 0.00801534 -0.0807535 -5.3884 -0.00783109 0.999966 0.00259817 -0.698996 0.0807715 -0.00195721 0.996731 77.6937
0.997351 0.00287221 -0.0726853 -5.42826 -0.00244061 0.999979 0.00602606 -0.707199 0.0727011 -0.0058327 0.997337 78.2512
0.99806 0.00649024 -0.0619177 -5.45933 -0.00613709 0.999964 0.00589207 -0.714982 0.0619537 -0.00550065 0.998064 78.7691
0.99884 0.0117456 -0.046707 -5.48598 -0.0115096 0.99992 0.00531797 -0.719762 0.0467657 -0.00477422 0.998894 79.2709
0.999442 0.0168707 -0.0288377 -5.49316 -0.0167029 0.999842 0.00604826 -0.735067 0.0289351 -0.00556321 0.999566 79.7022
0.99986 0.01527 -0.00686693 -5.48211 -0.0152257 0.999863 0.00646443 -0.739813 0.0069647 -0.00635897 0.999956 80.1809
0.999742 0.011908 0.0193504 -5.45073 -0.0120522 0.9999 0.00735551 -0.743958 -0.0192609 -0.00758683 0.999786 80.6498
0.998749 0.0107893 0.0488313 -5.40546 -0.0112332 0.999898 0.00882445 -0.749496 -0.0487311 -0.00936194 0.998768 81.1032
0.996587 0.0100679 0.0819361 -5.36252 -0.0109355 0.999889 0.0101462 -0.750487 -0.0818248 -0.0110076 0.996586 81.625
0.992811 0.0100337 0.119271 -5.28403 -0.0113688 0.99988 0.0105186 -0.754943 -0.119151 -0.011799 0.992806 82.0654
0.987023 0.00946151 0.160302 -5.1874 -0.0113223 0.999879 0.0106987 -0.76219 -0.160182 -0.0123748 0.98701 82.5111
0.978632 0.0090448 0.205419 -5.07138 -0.0114689 0.999878 0.0106133 -0.766201 -0.205298 -0.0127424 0.978617 82.931
0.967007 0.0111034 0.254508 -4.93665 -0.0137414 0.999869 0.00858958 -0.774962 -0.254379 -0.0118035 0.967033 83.3391
0.951644 0.0118099 0.306975 -4.78342 -0.0142034 0.999884 0.00556426 -0.77444 -0.306873 -0.00965529 0.951701 83.7633
0.931784 0.0122181 0.362807 -4.60327 -0.0143829 0.999891 0.00326626 -0.777486 -0.362727 -0.00826167 0.931859 84.137
0.907342 0.0127482 0.420199 -4.40683 -0.0146846 0.999891 0.00137356 -0.783355 -0.420136 -0.00741675 0.907431 84.4873
0.878867 0.0128012 0.476895 -4.17354 -0.0142457 0.999898 -0.000586855 -0.791487 -0.476854 -0.00627792 0.87896 84.8118
0.845186 0.0113196 0.534352 -3.93018 -0.0116346 0.999928 -0.00277989 -0.797823 -0.534345 -0.00386743 0.845258 85.1263
0.808047 0.0107831 0.589019 -3.66962 -0.0105069 0.999937 -0.00389187 -0.809234 -0.589024 -0.00304393 0.80811 85.4235
0.76903 0.00956304 0.639141 -3.40164 -0.0100912 0.999945 -0.00281951 -0.82559 -0.639133 -0.00428142 0.769084 85.6432
0.725991 0.00908722 0.687644 -3.10892 -0.0118132 0.99993 -0.000742065 -0.832852 -0.687602 -0.00758457 0.726048 85.9019
0.680809 0.00798028 0.732417 -2.79869 -0.0111963 0.999937 -0.00048778 -0.839931 -0.732375 -0.00786825 0.680856 86.1305
0.635625 0.00619918 0.771973 -2.5019 -0.00784313 0.999968 -0.00157219 -0.851684 -0.771958 -0.00505536 0.635653 86.2876
0.588692 0.00362942 0.808349 -2.16812 -0.00268227 0.999993 -0.00253648 -0.858846 -0.808353 -0.000675005 0.588698 86.4755
0.541932 0.00566486 0.840403 -1.82898 -0.00471628 0.999982 -0.00369924 -0.868243 -0.840409 -0.00195884 0.541949 86.651
0.494634 0.00847337 0.86906 -1.54828 -0.00876043 0.99995 -0.00476346 -0.877491 -0.869057 -0.00525717 0.494684 86.7617
0.448859 0.0106298 0.893539 -1.20291 -0.00995688 0.999927 -0.00689373 -0.887129 -0.893547 -0.00580255 0.448932 86.9068
0.406574 0.00802659 0.913582 -0.84462 -0.00293375 0.999968 -0.00747994 -0.892342 -0.913613 0.000360932 0.406585 87.0186
0.367515 0.000869639 0.930017 -0.55129 0.0118628 0.999914 -0.00562281 -0.895848 -0.929942 0.013099 0.367473 87.0581
0.332314 -0.00281184 0.943165 -0.18595 0.0157855 0.999872 -0.00258096 -0.898992 -0.943037 0.0157461 0.332316 87.1471
0.299273 0.00118228 0.954167 0.175488 0.0127041 0.999906 -0.00522357 -0.908876 -0.954083 0.0136851 0.29923 87.2416
0.267674 0.00906485 0.963467 0.53109 0.0021139 0.999948 -0.00999537 -0.920353 -0.963507 0.00471217 0.267641 87.3426
0.23948 0.0133771 0.970809 0.910558 -0.00264467 0.99991 -0.0131257 -0.935694 -0.970898 0.000575876 0.239494 87.4271
0.214064 0.0149744 0.976705 1.29894 -0.00143715 0.999886 -0.0150149 -0.950705 -0.976818 0.00181048 0.214062 87.4889
0.190673 0.0162303 0.981519 1.7042 0.00578884 0.999827 -0.0176576 -0.962408 -0.981636 0.0090487 0.190547 87.5439
0.17026 0.0226556 0.985139 2.11656 0.0129448 0.999598 -0.0252253 -0.958998 -0.985314 0.0170473 0.169899 87.5923
0.150626 0.0294177 0.988153 2.54057 0.0147779 0.999378 -0.0320045 -0.957843 -0.98848 0.0194235 0.150098 87.6436
0.13254 0.0304211 0.990711 2.98706 0.012579 0.999397 -0.0323707 -0.97111 -0.991098 0.0167526 0.132078 87.7015
0.117111 0.0259605 0.992779 3.44755 0.0104349 0.999571 -0.0273691 -0.994506 -0.993064 0.0135648 0.11679 87.75
0.102584 0.0226665 0.994466 3.92126 0.0105133 0.99966 -0.0238694 -1.01517 -0.994669 0.0129037 0.102311 87.7941
0.0893496 0.0201249 0.995797 4.41323 0.013272 0.999683 -0.0213942 -1.03403 -0.995912 0.0151277 0.0890542 87.8269
0.0775573 0.0193623 0.9968 4.89934 0.017216 0.999636 -0.0207569 -1.0438 -0.996839 0.0187708 0.0771957 87.8575
0.0675512 0.0199501 0.997516 5.42188 0.0203111 0.999565 -0.0213665 -1.0599 -0.997509 0.021704 0.0671166 87.8838
0.059625 0.0204778 0.998011 5.96153 0.0225121 0.999508 -0.0218534 -1.07292 -0.997967 0.0237703 0.0591347 87.9094
0.0536186 0.0209726 0.998341 6.52234 0.023566 0.999474 -0.0222621 -1.08949 -0.998283 0.0247206 0.0530962 87.9371
0.0481272 0.0219523 0.9986 7.10469 0.0250514 0.999417 -0.0231776 -1.10713 -0.998527 0.0261318 0.0475492 87.9611
0.0421285 0.0225979 0.998857 7.70066 0.0257049 0.999389 -0.0236941 -1.12332 -0.998781 0.0266737 0.0415218 87.9855
0.0377441 0.0226684 0.99903 8.24605 0.0285788 0.999309 -0.0237545 -1.13766 -0.998879 0.0294477 0.0370702 87.9938
0.035091 0.0227545 0.999125 8.87523 0.0307512 0.999243 -0.0238372 -1.15145 -0.998911 0.0315608 0.0343647 88.0079
0.0319559 0.0221727 0.999243 9.51315 0.0313208 0.999241 -0.0231743 -1.17634 -0.998998 0.0320377 0.0312372 88.0284
0.0293623 0.0215673 0.999336 10.2135 0.0330057 0.999201 -0.0225342 -1.19216 -0.999024 0.0336454 0.028627 88.05
0.0287228 0.0210648 0.999365 10.8828 0.0375559 0.999049 -0.0221375 -1.21558 -0.998882 0.0381679 0.0279044 88.0642
0.0297748 0.0207397 0.999341 11.5815 0.0413011 0.998905 -0.0219612 -1.23229 -0.998703 0.0419277 0.0288857 88.0799
0.0320654 0.0207844 0.99927 12.3181 0.0429113 0.998833 -0.0221523 -1.25664 -0.998564 0.0435903 0.0311361 88.1031
0.0358675 0.0206191 0.999144 13.0447 0.0453311 0.998724 -0.0222377 -1.27962 -0.998328 0.0460899 0.034887 88.1325
0.0400677 0.0202499 0.998992 13.7921 0.0456192 0.998715 -0.022074 -1.29675 -0.998155 0.0464576 0.0390925 88.1668
0.0441028 0.0187052 0.998852 14.4618 0.0465038 0.998702 -0.0207557 -1.31095 -0.997944 0.0473658 0.0431757 88.1863
0.0479269 0.0170437 0.998705 15.2485 0.0462112 0.998746 -0.0192621 -1.33697 -0.997781 0.0470745 0.0470792 88.2327
0.0520026 0.0148963 0.998536 16.0376 0.0429156 0.998932 -0.0171372 -1.35936 -0.997724 0.0437439 0.0513078 88.2814
0.0559862 0.0140039 0.998333 16.8643 0.0424301 0.998965 -0.0163922 -1.37817 -0.99753 0.0432771 0.0553341 88.3323
0.0600978 0.0150492 0.998079 17.6711 0.0396521 0.999061 -0.0174516 -1.39828 -0.997405 0.0406248 0.0594447 88.386
0.0632271 0.0190243 0.997818 18.4787 0.0375975 0.999063 -0.0214304 -1.4243 -0.997291 0.0388704 0.0624526 88.4436
0.0642239 0.0244117 0.997637 19.2987 0.0315965 0.99915 -0.0264827 -1.44524 -0.997435 0.0332226 0.063398 88.5117
0.0644099 0.0274743 0.997545 20.1228 0.0290191 0.999147 -0.0293921 -1.47292 -0.997502 0.030841 0.0635576 88.562
0.0644266 0.0269892 0.997557 20.9513 0.0267114 0.999229 -0.0287596 -1.5036 -0.997565 0.0284991 0.0636561 88.6254
0.0644868 0.025226 0.9976 21.756 0.0242865 0.999345 -0.02684 -1.53951 -0.997623 0.025959 0.0638319 88.682
0.064256 0.0241352 0.997642 22.5715 0.0252058 0.999349 -0.0258 -1.56867 -0.997615 0.0268042 0.0636058 88.7399
0.0647925 0.0235126 0.997622 23.4065 0.0230415 0.999421 -0.0250514 -1.59989 -0.997633 0.0246099 0.0642132 88.8003
0.0648124 0.0236922 0.997616 24.2204 0.0210906 0.999462 -0.0251063 -1.63261 -0.997675 0.0226675 0.0642779 88.8569
0.0649547 0.0242602 0.997593 25.0495 0.0184275 0.999505 -0.0255065 -1.66479 -0.997718 0.0200399 0.0644755 88.9195
0.0637443 0.0257135 0.997635 25.879 0.0155504 0.999521 -0.0267557 -1.69493 -0.997845 0.0172191 0.0633139 88.9814
0.0608572 0.0251889 0.997829 26.7088 0.0118959 0.999592 -0.025959 -1.73664 -0.998076 0.0134499 0.0605327 89.0359
0.0570161 0.0240947 0.998082 27.534 0.00963933 0.999649 -0.0246832 -1.76462 -0.998327 0.0110282 0.0567638 89.0929
0.0519648 0.0216833 0.998413 28.3511 0.00784873 0.999725 -0.0221202 -1.79601 -0.998618 0.00898575 0.0517803 89.1446
0.0452048 0.0193697 0.99879 29.1767 0.00465048 0.999797 -0.0195998 -1.82811 -0.998967 0.00553086 0.0451056 89.206
0.0382131 0.0194798 0.99908 29.9701 0.00492585 0.999794 -0.0196821 -1.85649 -0.999257 0.00567343 0.0381093 89.2254
0.0293163 0.0202895 0.999364 30.7919 0.00390097 0.999784 -0.0204124 -1.89061 -0.999563 0.0044969 0.0292308 89.2539
0.0193182 0.0208081 0.999597 31.6457 0.00488794 0.999769 -0.0209062 -1.91903 -0.999801 0.00528984 0.0192121 89.2781
0.00891861 0.0198984 0.999762 32.44 0.00641684 0.99978 -0.019956 -1.94214 -0.99994 0.0065933 0.00878896 89.2916
-0.001877 0.018876 0.99982 33.2413 0.00541682 0.999807 -0.0188656 -1.97264 -0.999984 0.00538043 -0.00197889 89.2932
-0.0124756 0.0178216 0.999763 34.0361 0.00630098 0.999823 -0.0177441 -2.00124 -0.999902 0.00607812 -0.0125857 89.2662
-0.0237447 0.018207 0.999552 34.8255 0.00641819 0.999816 -0.0180594 -2.02891 -0.999697 0.0059865 -0.0238572 89.2534
-0.0346534 0.0187619 0.999223 35.611 0.00684195 0.999805 -0.0185356 -2.0547 -0.999376 0.00619431 -0.034775 89.2221
-0.0455436 0.02013 0.99876 36.3988 0.00654925 0.999781 -0.0198519 -2.0779 -0.998941 0.005637 -0.0456655 89.1854
-0.0561518 0.0210882 0.9982 37.1692 0.00707771 0.99976 -0.020723 -2.10552 -0.998397 0.00590133 -0.0562876 89.1472
-0.0655629 0.0217521 0.997611 37.9397 0.00779553 0.999743 -0.0212863 -2.13565 -0.997818 0.00638132 -0.0657156 89.0938
-0.0749474 0.0226258 0.996931 38.6229 0.00881566 0.999719 -0.0220263 -2.14958 -0.997149 0.00713779 -0.0751258 89.0228
-0.0843783 0.0228945 0.996171 39.3726 0.00962845 0.999708 -0.0221602 -2.17905 -0.996387 0.00772174 -0.0845741 88.9608
-0.0931227 0.022533 0.9954 40.1175 0.0108079 0.999708 -0.0216194 -2.2025 -0.995596 0.0087449 -0.093339 88.8958
-0.099929 0.0211908 0.994769 40.8671 0.0138784 0.999706 -0.0199018 -2.23509 -0.994898 0.011817 -0.100194 88.8271
-0.105202 0.01953 0.994259 41.5878 0.0166446 0.999702 -0.0178757 -2.26171 -0.994312 0.0146684 -0.105496 88.7486
-0.10896 0.0179947 0.993883 42.3044 0.019562 0.999681 -0.015955 -2.28575 -0.993854 0.0177039 -0.109277 88.6661
-0.111661 0.0166553 0.993607 42.9957 0.0204487 0.999686 -0.0144591 -2.31197 -0.993536 0.0187035 -0.111967 88.5905
-0.113549 0.0159113 0.993405 43.6877 0.0207476 0.999692 -0.0136405 -2.33377 -0.993316 0.0190619 -0.113844 88.5174
-0.114462 0.0162391 0.993295 44.3645 0.0215154 0.999672 -0.013864 -2.35791 -0.993195 0.0197842 -0.114774 88.4448
-0.113708 0.0172774 0.993364 45.0501 0.0217085 0.999653 -0.0149019 -2.38241 -0.993277 0.01987 -0.114043 88.3717
-0.110805 0.0188922 0.993663 45.6833 0.0227699 0.999605 -0.0164661 -2.40414 -0.993581 0.0208011 -0.111191 88.3008
-0.105649 0.0193202 0.994216 46.307 0.0227734 0.999596 -0.0170047 -2.42729 -0.994143 0.0208451 -0.106046 88.2389
-0.0969373 0.0198539 0.995092 46.8395 0.0222117 0.999595 -0.01778 -2.43807 -0.995043 0.0203792 -0.097339 88.1865
-0.0857875 0.0197671 0.996117 47.4199 0.0212611 0.999612 -0.0180054 -2.45933 -0.996087 0.0196339 -0.0861744 88.1439
-0.072085 0.0199849 0.997198 47.9856 0.0202017 0.999623 -0.0185732 -2.4867 -0.997194 0.0188063 -0.0724615 88.1163
-0.0546113 0.0217993 0.99827 48.5609 0.0215878 0.999554 -0.0206463 -2.50479 -0.998274 0.0204229 -0.0550575 88.084
-0.0333479 0.0240586 0.999154 49.0847 0.0195611 0.999534 -0.0234149 -2.53337 -0.999252 0.0187637 -0.033803 88.0827
-0.00913973 0.0269934 0.999594 49.6142 0.0163093 0.999507 -0.0268419 -2.54771 -0.999825 0.0160573 -0.00957546 88.1049
0.0191054 0.0287203 0.999405 50.1429 0.0146254 0.999472 -0.0290018 -2.56994 -0.99971 0.0151708 0.0186753 88.1363
0.052585 0.0282255 0.998217 50.65 0.0124608 0.999504 -0.0289183 -2.58982 -0.998539 0.0139593 0.0522072 88.1765
0.0901185 0.0257952 0.995597 51.1877 0.0108335 0.99958 -0.026879 -2.60905 -0.995872 0.0132081 0.0898012 88.2525
0.13223 0.0220952 0.990973 51.7009 0.00888719 0.999685 -0.0234753 -2.62824 -0.991179 0.0119111 0.131992 88.3449
0.177474 0.0178433 0.983964 52.2082 0.00641491 0.999793 -0.0192873 -2.64792 -0.984105 0.00973503 0.177322 88.463
0.225101 0.0144365 0.974228 52.6406 0.00125725 0.999885 -0.0151072 -2.66698 -0.974335 0.0046255 0.225057 88.6216
0.27651 0.0128887 0.960925 53.119 -0.00224134 0.999916 -0.0127667 -2.68381 -0.961009 0.00137635 0.276515 88.7938
0.331324 0.012499 0.943434 53.5786 -0.00294536 0.999921 -0.012213 -2.69906 -0.943513 0.0012677 0.331334 88.9861
0.388222 0.0134907 0.921467 54.0101 -2.11282e-05 0.999893 -0.01463 -2.70834 -0.921566 0.00566022 0.388181 89.2136
0.448311 0.0168334 0.893719 54.4307 0.000858836 0.999814 -0.0192626 -2.72407 -0.893877 0.00940319 0.448214 89.4568
0.507668 0.0204424 0.861311 54.8286 0.00200602 0.999688 -0.0249091 -2.73676 -0.861551 0.0143733 0.507468 89.7323
0.563428 0.0238143 0.825822 55.1358 -0.000943832 0.999602 -0.0281816 -2.75576 -0.826165 0.0150989 0.563226 90.0387
0.619052 0.0262406 0.784911 55.4807 -0.00417524 0.999537 -0.0301228 -2.77263 -0.785339 0.0153704 0.618876 90.3719
0.671507 0.0270956 0.740503 55.8001 -0.00548084 0.999486 -0.0316018 -2.78935 -0.740978 0.0171622 0.67131 90.728
0.720678 0.0247581 0.692828 56.0327 -0.00497011 0.999521 -0.0305478 -2.80744 -0.693252 0.0185717 0.720456 91.0483
0.765861 0.0212471 0.642654 56.3016 -0.00664549 0.999662 -0.0251308 -2.82274 -0.642971 0.014976 0.765744 91.4375
0.80738 0.015683 0.589823 56.5489 -0.00650556 0.999823 -0.0176794 -2.83941 -0.589996 0.0104369 0.807339 91.8484
0.844657 0.013221 0.535144 56.7136 -0.00829064 0.999898 -0.0116172 -2.84672 -0.535243 0.00537588 0.844681 92.2137
0.875944 0.00947347 0.482319 56.9032 -0.00845641 0.999955 -0.00428284 -2.85801 -0.482338 -0.000327153 0.875985 92.6479
0.901726 0.00969121 0.4322 57.0688 -0.011435 0.999934 0.00143614 -2.87311 -0.432157 -0.00623722 0.901777 93.099
0.922638 0.0116783 0.38549 57.1906 -0.014404 0.999888 0.00418357 -2.87191 -0.385398 -0.00941254 0.922702 93.4988
0.938044 0.0175735 0.34607 57.3166 -0.0212699 0.99975 0.00688593 -2.87874 -0.345862 -0.0138202 0.938183 93.9677
0.950167 0.0217423 0.310982 57.4386 -0.0247937 0.999675 0.00586194 -2.87873 -0.310753 -0.0132802 0.950398 94.4396
0.959889 0.0228656 0.279448 57.4891 -0.0254806 0.999659 0.00572826 -2.87598 -0.279221 -0.012619 0.960144 94.7737
0.966131 0.0173571 0.257469 57.612 -0.0194882 0.999794 0.00572756 -2.87983 -0.257317 -0.0105512 0.966269 95.2433
0.970187 0.0145125 0.241922 57.7263 -0.0165754 0.999842 0.00649403 -2.88794 -0.24179 -0.0103104 0.970274 95.7232
0.97317 0.018683 0.229329 57.8281 -0.020625 0.999769 0.00607414 -2.88866 -0.229162 -0.0106411 0.97333 96.222
0.975338 0.023838 0.219426 57.94 -0.0258747 0.999645 0.00641241 -2.88713 -0.219196 -0.0119319 0.975608 96.7775
0.97642 0.0319187 0.213506 58.0371 -0.0337944 0.999416 0.00514015 -2.8881 -0.213217 -0.0122343 0.976928 97.2929
0.976889 0.0377324 0.210389 58.1461 -0.0389599 0.999239 0.00169146 -2.8945 -0.210165 -0.00984909 0.977616 97.8146
0.977006 0.0394369 0.209531 58.2422 -0.0401175 0.999194 -0.00100269 -2.89449 -0.209401 -0.0074262 0.977802 98.3484
0.976526 0.0380417 0.212011 58.363 -0.0379327 0.99927 -0.00458281 -2.90038 -0.212031 -0.00356692 0.977256 98.901
0.975668 0.0369859 0.216112 58.4879 -0.0354738 0.999311 -0.0108732 -2.9098 -0.216365 0.00294233 0.976308 99.4569
0.974901 0.0362009 0.219676 58.6131 -0.033521 0.999311 -0.0159157 -2.91284 -0.220101 0.00815243 0.975443 100.003
0.973657 0.0410924 0.224283 58.7356 -0.038607 0.999135 -0.0154578 -2.92309 -0.224724 0.00639175 0.974401 100.598
0.972175 0.0443231 0.230026 58.8696 -0.0428483 0.999016 -0.0114051 -2.93465 -0.230306 0.00123147 0.973118 101.204
0.971211 0.0412495 0.234622 59.0175 -0.0408095 0.999144 -0.00673248 -2.94823 -0.234699 -0.00303615 0.972063 101.795
0.970463 0.0369407 0.238405 59.1732 -0.0377394 0.999287 -0.001215 -2.95692 -0.23828 -0.00781815 0.971165 102.414
0.969669 0.0341667 0.242021 59.3339 -0.0361024 0.999342 0.00356676 -2.96761 -0.24174 -0.0121961 0.970265 103.044
0.969164 0.0292565 0.244672 59.5015 -0.0311562 0.999507 0.00389629 -2.9651 -0.244438 -0.0113992 0.969598 103.68
0.969191 0.0259218 0.244944 59.6724 -0.0269482 0.999636 0.000839089 -2.9716 -0.244833 -0.00741402 0.969537 104.322
0.969356 0.025592 0.244323 59.8453 -0.0248491 0.999672 -0.00612286 -2.97953 -0.2444 -0.000135968 0.969675 104.976
0.969378 0.0282244 0.243946 59.9833 -0.0258145 0.999581 -0.0130709 -2.98212 -0.244213 0.00637335 0.969701 105.625
0.969917 0.0314356 0.241397 60.1401 -0.0281918 0.99946 -0.0168807 -2.98634 -0.241797 0.00956749 0.97028 106.301
0.970561 0.0294268 0.239052 60.3048 -0.0272239 0.999551 -0.0125128 -3.00052 -0.239313 0.00563649 0.970926 106.998
0.971037 0.0255024 0.237564 60.4895 -0.0250841 0.999674 -0.00478416 -3.01328 -0.237608 -0.00131346 0.97136 107.715
0.97166 0.0257724 0.234974 60.6645 -0.026721 0.999643 0.000853208 -3.02134 -0.234868 -0.00710775 0.972001 108.439
0.972013 0.0290965 0.23312 60.8296 -0.0299708 0.999551 0.000208374 -3.03039 -0.233009 -0.00718932 0.972448 109.165
0.97226 0.0346221 0.231326 60.9718 -0.0346143 0.999392 -0.00409388 -3.05014 -0.231328 -0.00402688 0.972868 109.908
0.973135 0.0354299 0.227493 61.1369 -0.0342229 0.999371 -0.00924933 -3.06222 -0.227678 0.00121538 0.973736 110.649
0.974092 0.0343484 0.223527 61.3099 -0.0324683 0.9994 -0.0120821 -3.07424 -0.223808 0.00451154 0.974623 111.415
0.975088 0.0317393 0.219535 61.4835 -0.0300891 0.999488 -0.0108572 -3.08054 -0.219767 0.00398115 0.975544 112.153
0.97597 0.0278801 0.216113 61.6617 -0.0266258 0.999607 -0.00871354 -3.0965 -0.216272 0.00274996 0.976329 112.942
0.976397 0.0268091 0.214314 61.8326 -0.0261612 0.999641 -0.00585921 -3.11163 -0.214394 0.000114196 0.976747 113.737
0.976695 0.0235425 0.213337 62.0144 -0.023246 0.999722 -0.00389841 -3.11353 -0.21337 -0.00115169 0.976971 114.567
0.976915 0.0184189 0.212831 62.1962 -0.0182314 0.99983 -0.00284375 -3.12125 -0.212847 -0.0011021 0.977085 115.381
0.977047 0.0192456 0.212154 62.37 -0.0194568 0.99981 -0.00109207 -3.13349 -0.212134 -0.00306083 0.977236 116.195
0.976874 0.0239692 0.21247 62.5284 -0.0238377 0.999711 -0.00318089 -3.14121 -0.212484 -0.00195746 0.977162 116.982
0.976623 0.0296124 0.212912 62.7003 -0.0288929 0.999561 -0.00649036 -3.15197 -0.213011 0.000186982 0.97705 117.811
0.976149 0.0383974 0.213677 62.8662 -0.0375755 0.999263 -0.0079081 -3.16635 -0.213823 -0.000309545 0.976872 118.636
0.975214 0.0447979 0.216682 63.034 -0.044298 0.998993 -0.00716596 -3.18665 -0.216784 -0.00261022 0.976216 119.447
0.974417 0.0471017 0.219758 63.206 -0.0471339 0.998876 -0.00509966 -3.20459 -0.219751 -0.00538884 0.975541 120.288
0.973808 0.0478379 0.222283 63.389 -0.0476953 0.998844 -0.00601259 -3.21894 -0.222313 -0.00474674 0.974964 121.123
0.973409 0.046534 0.224297 63.57 -0.0457138 0.998915 -0.00885128 -3.2294 -0.224465 -0.00163753 0.974481 121.951
0.973416 0.0402458 0.225481 63.7683 -0.0395755 0.999188 -0.00749403 -3.2439 -0.2256 -0.00162872 0.974219 122.788
0.973626 0.0334999 0.225679 63.9747 -0.0322973 0.999438 -0.00902021 -3.26098 -0.225855 0.00149349 0.97416 123.633
0.973415 0.0328804 0.226676 64.1725 -0.03168 0.999458 -0.00893231 -3.28395 -0.226847 0.00151374 0.973929 124.433
0.972883 0.0356916 0.228527 64.3543 -0.035225 0.999361 -0.0061218 -3.29622 -0.228599 -0.00209406 0.973518 125.276
0.972553 0.0373626 0.229664 64.5459 -0.0383362 0.999265 -0.000223047 -3.31425 -0.229503 -0.00858751 0.97327 126.118
0.972203 0.040372 0.230634 64.739 -0.0423892 0.999094 0.00379591 -3.33322 -0.230272 -0.0134668 0.973033 126.972
0.971969 0.0396643 0.231737 64.9279 -0.0401495 0.99919 -0.00262426 -3.35054 -0.231654 -0.00675342 0.972775 127.797
0.972177 0.0357141 0.231511 65.1259 -0.0326766 0.999322 -0.0169429 -3.36928 -0.231959 0.00890655 0.972685 128.614
0.972503 0.0330725 0.230532 65.3233 -0.0278496 0.999277 -0.025874 -3.38337 -0.231221 0.0187423 0.972721 129.398
0.972733 0.0301639 0.229959 65.517 -0.0269926 0.999492 -0.0169244 -3.39736 -0.230353 0.0102558 0.973053 130.224
0.973167 0.0231231 0.228934 65.7164 -0.024679 0.999688 0.00393517 -3.41721 -0.228771 -0.00947945 0.973434 131.075
0.973418 0.0197836 0.22818 65.908 -0.024864 0.999502 0.0194113 -3.44778 -0.227683 -0.0245688 0.973425 131.933
0.973484 0.0244743 0.227443 66.0895 -0.0283472 0.999503 0.0137767 -3.45747 -0.226993 -0.0198588 0.973694 132.745
0.973685 0.0328252 0.225522 66.2618 -0.0331634 0.999447 -0.00228974 -3.45946 -0.225473 -0.00524961 0.974235 133.541
0.973953 0.0325943 0.224394 66.4372 -0.0311451 0.999465 -0.00999554 -3.46217 -0.224599 0.00274642 0.974447 134.355
0.97457 0.0284826 0.222266 66.6272 -0.0267895 0.999585 -0.0106292 -3.48194 -0.222476 0.00440456 0.974928 135.163
0.975224 0.027975 0.219442 66.8089 -0.0266434 0.999604 -0.00902559 -3.50445 -0.219608 0.00295528 0.975584 135.985
0.976086 0.0274214 0.215647 66.9843 -0.0258029 0.999614 -0.0103176 -3.5208 -0.215847 0.00450655 0.976417 136.782
0.977133 0.0283924 0.210723 67.1579 -0.0264949 0.999579 -0.0118228 -3.54117 -0.21097 0.00596931 0.977474 137.593
0.977592 0.0335055 0.207823 67.3113 -0.031744 0.999426 -0.0118061 -3.56391 -0.2081 0.00494445 0.978095 138.396
0.977852 0.0384306 0.205739 67.4741 -0.0367364 0.999252 -0.0120497 -3.58275 -0.206048 0.00422473 0.978533 139.231
0.978201 0.0397868 0.203814 67.6349 -0.0385186 0.999206 -0.0101872 -3.60013 -0.204058 0.00211453 0.978957 140.032
0.978513 0.0379548 0.202663 67.8032 -0.0376503 0.999277 -0.00535925 -3.61636 -0.20272 -0.00238622 0.979234 140.849
0.978755 0.0369531 0.201674 67.9338 -0.0366109 0.999315 -0.0054278 -3.63567 -0.201736 -0.00207097 0.979438 141.61
0.979346 0.0356138 0.199033 68.094 -0.0346658 0.999365 -0.00824711 -3.65606 -0.1992 0.00117715 0.979958 142.402
0.980495 0.0309939 0.194085 68.2581 -0.0291862 0.9995 -0.0121675 -3.66827 -0.194365 0.00626555 0.980909 143.183
0.98184 0.0280045 0.187633 68.4161 -0.0259818 0.999575 -0.0132313 -3.68566 -0.187924 0.008116 0.98215 144.008
0.983091 0.0263303 0.181215 68.5625 -0.0252989 0.999648 -0.00800114 -3.70041 -0.181362 0.00328131 0.983411 144.806
0.984212 0.0236846 0.175401 68.6943 -0.0241737 0.999708 0.000651625 -3.72166 -0.175334 -0.00488141 0.984497 145.604
0.9849 0.0213448 0.171801 68.8314 -0.0233875 0.999678 0.00987491 -3.7216 -0.171535 -0.0137438 0.985082 146.41
0.985393 0.0280332 0.167973 68.948 -0.0305511 0.999456 0.0124239 -3.72475 -0.167534 -0.0173741 0.985713 147.213
0.986112 0.0309644 0.163172 69.0681 -0.0326961 0.999434 0.00793718 -3.7332 -0.162834 -0.013162 0.986566 148.007
0.987352 0.0309348 0.155498 69.197 -0.030943 0.999518 -0.00236785 -3.73441 -0.155497 -0.00247368 0.987833 148.84
0.988435 0.0277785 0.149078 69.3169 -0.0268991 0.999607 -0.00791298 -3.73825 -0.149239 0.00381142 0.988794 149.631
0.989425 0.0269661 0.14252 69.4246 -0.0262718 0.999632 -0.00675161 -3.75259 -0.14265 0.00293596 0.989769 150.441
0.990246 0.0343268 0.135036 69.5101 -0.0341509 0.99941 -0.00361903 -3.76811 -0.135081 -0.00102788 0.990834 151.192
0.991065 0.0400633 0.127222 69.5942 -0.0397285 0.999197 -0.00516971 -3.77976 -0.127327 6.92041e-05 0.991861 152.015
0.992233 0.042731 0.116828 69.6825 -0.0417481 0.999069 -0.0108481 -3.79555 -0.117182 0.00588647 0.993093 152.827
0.993296 0.0400999 0.108418 69.7704 -0.0388766 0.999155 -0.0133742 -3.80525 -0.108862 0.00906967 0.994015 153.673
0.994157 0.0400119 0.100258 69.8495 -0.0391527 0.999178 -0.0105241 -3.81911 -0.100596 0.00653722 0.994906 154.486
0.994779 0.0429623 0.0925641 69.9145 -0.0428361 0.999076 -0.00335105 -3.83686 -0.0926226 -0.000631527 0.995701 155.318
0.995375 0.0457024 0.0845027 69.9778 -0.0460739 0.998935 0.00244989 -3.84863 -0.0843008 -0.00633193 0.99642 156.206
0.996045 0.0444185 0.0769513 70.0343 -0.0449922 0.998971 0.00573693 -3.85315 -0.0766173 -0.00917645 0.997018 157.028
0.99645 0.0454356 0.0708766 70.0836 -0.0461044 0.998906 0.00782882 -3.85976 -0.0704434 -0.0110688 0.997454 157.861
0.996846 0.0433865 0.066454 70.1454 -0.0439075 0.999015 0.00639954 -3.87117 -0.0661109 -0.00929719 0.997769 158.689
0.996926 0.0482265 0.0617556 70.1851 -0.0483786 0.998829 0.000969624 -3.8811 -0.0616365 -0.00395429 0.998091 159.519
0.996848 0.054165 0.0579678 70.2154 -0.0539291 0.998529 -0.0056285 -3.89006 -0.0581874 0.00248461 0.998303 160.334
0.997029 0.0542603 0.054668 70.259 -0.0539133 0.998515 -0.00780353 -3.90556 -0.0550102 0.00483302 0.998474 161.13
0.997108 0.0558702 0.0515211 70.299 -0.0558622 0.998437 -0.00159661 -3.91631 -0.0515298 -0.00128609 0.998671 161.96
0.997089 0.0579173 0.0495796 70.3342 -0.0584283 0.998252 0.00891799 -3.92669 -0.0489764 -0.0117889 0.99873 162.801
0.99696 0.0621203 0.0470315 70.3582 -0.0629338 0.997889 0.016018 -3.9173 -0.0459372 -0.0189291 0.998765 163.65
0.997392 0.0586869 0.0420091 70.3892 -0.0592817 0.998156 0.0130547 -3.92543 -0.0411655 -0.015511 0.999032 164.468
0.998249 0.046658 0.0363493 70.4213 -0.0468044 0.998899 0.00318702 -3.93301 -0.0361606 -0.00488275 0.999334 165.288
0.998642 0.0432122 0.0291071 70.4466 -0.0431865 0.999066 -0.00150972 -3.92482 -0.0291452 0.000250632 0.999575 166.129
0.998645 0.0469937 0.0223457 70.45 -0.0469993 0.998895 -0.00027918 -3.92864 -0.0223341 -0.000771429 0.99975 166.959
0.998871 0.0451208 0.0148759 70.4549 -0.0452174 0.998958 0.00622189 -3.93841 -0.0145796 -0.00688751 0.99987 167.783
0.999174 0.0400266 0.0070603 70.4788 -0.0400947 0.999148 0.00977345 -3.9513 -0.00666308 -0.0100485 0.999927 168.625
0.999499 0.031606 0.00151682 70.4783 -0.0316242 0.999401 0.0140272 -3.95108 -0.00107256 -0.0140682 0.9999 169.468
0.999625 0.0269377 -0.00497294 70.4824 -0.0268665 0.999543 0.0138632 -3.94878 0.00534411 -0.0137244 0.999892 170.291
0.99964 0.0244664 -0.0110066 70.4656 -0.024391 0.999678 0.0069327 -3.94893 0.0111727 -0.00666174 0.999915 171.118
0.999712 0.0152078 -0.0185911 70.4524 -0.0152681 0.999879 -0.00310891 -3.95466 0.0185415 0.00339186 0.999822 171.952
0.999665 0.00533287 -0.0253432 70.4512 -0.00551824 0.999958 -0.00725021 -3.9574 0.0253035 0.00738762 0.999653 172.791
0.999477 0.00793693 -0.0313428 70.4095 -0.00792961 0.999968 0.000357788 -3.96946 0.0313447 -0.000109065 0.999509 173.615
0.99917 0.0185436 -0.0362737 70.3582 -0.0180601 0.999744 0.0136105 -3.97289 0.0365168 -0.0129441 0.999249 174.478
0.998882 0.0236308 -0.0409452 70.312 -0.0227706 0.999513 0.0213499 -3.97883 0.0414298 -0.0203937 0.998933 175.335
0.998715 0.0239876 -0.0446408 70.2567 -0.0231759 0.999558 0.0186112 -3.98313 0.0450675 -0.0175527 0.99883 176.18
0.998567 0.0257734 -0.0468911 70.2107 -0.0254267 0.999645 0.00797412 -3.98218 0.0470799 -0.00677041 0.998868 177.014
0.998066 0.0370195 -0.0499394 70.1535 -0.037116 0.99931 -0.00100442 -3.98965 0.0498678 0.00285603 0.998752 177.854
0.998078 0.0332361 -0.0523037 70.0915 -0.0335419 0.999425 -0.0049808 -3.98396 0.0521081 0.0067256 0.998619 178.668
0.998113 0.0277844 -0.0547498 70.0503 -0.027825 0.999613 2.04261e-05 -3.9952 0.0547292 0.00150303 0.9985 179.539
0.998119 0.0274424 -0.0548129 70.0071 -0.0270047 0.999597 0.00870877 -3.99818 0.0550298 -0.00721218 0.998459 180.394
0.998086 0.0290814 -0.0545715 69.9512 -0.0283528 0.999499 0.0140787 -4.00802 0.0549536 -0.0125045 0.998411 181.237
0.997991 0.0289438 -0.0563539 69.9015 -0.0282354 0.999512 0.0133262 -4.01297 0.0567121 -0.0117083 0.998322 182.089
0.99796 0.0255609 -0.0584939 69.8461 -0.0253537 0.999669 0.00428186 -4.01881 0.058584 -0.00279009 0.998279 182.943
0.998041 0.0161404 -0.0604513 69.8001 -0.016604 0.999836 -0.00717359 -4.02815 0.0603257 0.00816327 0.998145 183.77
0.998029 0.00565833 -0.0624998 69.76 -0.00636403 0.999918 -0.0110979 -4.04178 0.0624319 0.0114737 0.997983 184.625
0.99795 0.00806144 -0.0634869 69.7004 -0.00849328 0.999943 -0.00653497 -4.05456 0.0634306 0.00706079 0.997961 185.485
0.997824 0.014659 -0.0642825 69.6295 -0.0144046 0.999886 0.00441921 -4.07135 0.06434 -0.00348363 0.997922 186.299
0.997716 0.0157888 -0.0656718 69.5653 -0.0152923 0.999851 0.00805657 -4.08334 0.0657891 -0.0070339 0.997809 187.144
0.997673 0.0145774 -0.0666081 69.5078 -0.0143214 0.999888 0.00431895 -4.09091 0.0666636 -0.00335497 0.99777 188.001
0.997668 0.0146598 -0.0666676 69.4512 -0.0148203 0.999888 -0.00191361 -4.10358 0.0666321 0.00289719 0.997773 188.815
0.99752 0.0219412 -0.0668804 69.3758 -0.0221441 0.999752 -0.0022941 -4.11039 0.0668135 0.00376942 0.997758 189.672
0.997434 0.0238742 -0.0674884 69.3174 -0.0238784 0.999715 0.000744751 -4.1231 0.0674869 0.000868673 0.99772 190.515
0.997262 0.02886 -0.0680897 69.2521 -0.028645 0.999581 0.00413243 -4.13446 0.0681804 -0.00217068 0.997671 191.346
0.997157 0.0325692 -0.0679528 69.1843 -0.0321758 0.999459 0.00687568 -4.13912 0.06814 -0.00466969 0.997665 192.181
0.99701 0.0353158 -0.0687373 69.1222 -0.0349536 0.999368 0.00646542 -4.14457 0.0689222 -0.00404347 0.997614 193.016
0.997049 0.0337309 -0.068963 69.0577 -0.033606 0.999431 0.00296984 -4.16031 0.069024 -0.000643501 0.997615 193.828
0.996914 0.035342 -0.0700889 68.9939 -0.0356023 0.999363 -0.00246756 -4.16721 0.069957 0.00495527 0.997538 194.616
0.996751 0.0375753 -0.0712459 68.9224 -0.0378313 0.999282 -0.00224677 -4.17363 0.0711103 0.00493479 0.997456 195.445
0.996619 0.0379047 -0.0728948 68.8581 -0.0374578 0.99927 0.00748865 -4.18298 0.0731254 -0.00473286 0.997312 196.247
