1 0 0 0 0 1 0 0 0 0 1 0
0.999965 -0.000851274 -0.00833756 -0.0149964 0.000854221 1 0.000349903 -0.0263416 0.00833726 -0.000357013 0.999965 1.03625
0.999901 0.00332256 -0.0136521 0.00466807 -0.00340456 0.999976 -0.0059872 0.0161316 0.0136319 0.00603309 0.999889 1.55469
0.99981 0.00292984 -0.0192536 -0.00130823 -0.00305919 0.999973 -0.00669229 0.0102265 0.0192335 0.00674992 0.999792 2.07513
0.999684 0.00195634 -0.0250476 0.00206322 -0.00212388 0.999976 -0.00666387 -0.00846423 0.025034 0.00671497 0.999664 2.59567
0.99963 0.00578294 -0.0265871 -0.103254 -0.00593746 0.999966 -0.00573649 -0.0318807 0.026553 0.00589223 0.99963 4.42988
0.999508 0.00622757 -0.0307392 -0.135604 -0.00635868 0.999971 -0.00416911 -0.0382009 0.0307124 0.00436252 0.999519 5.22183
0.99937 0.00523815 -0.0350983 -0.168357 -0.00529598 0.999985 -0.001555 -0.044873 0.0350896 0.0017399 0.999383 6.03077
0.99924 0.00498838 -0.0386704 -0.201331 -0.00495 0.999987 0.00108806 -0.0538569 0.0386753 -0.000895812 0.999251 6.84816
0.999132 0.00639322 -0.0411547 -0.244024 -0.00638031 0.99998 0.000445192 -0.0626813 0.0411567 -0.000182225 0.999153 7.6693
0.999044 0.00585617 -0.0433217 -0.283869 -0.00584671 0.999983 0.000345141 -0.0694507 0.043323 -9.15213e-05 0.999061 8.49581
0.998957 0.00310331 -0.0455505 -0.320094 -0.00313158 0.999995 -0.000549215 -0.0723517 0.0455486 0.000691287 0.998962 9.35526
0.998867 0.00289165 -0.0475106 -0.36181 -0.00288007 0.999996 0.000312174 -0.0798234 0.0475113 -0.000174986 0.998871 10.2057
0.998802 0.00138511 -0.0489174 -0.405309 -0.00138234 0.999999 9.04798e-05 -0.0875836 0.0489175 -2.27509e-05 0.998803 11.063
0.998693 0.00312258 -0.0510146 -0.453559 -0.00323483 0.999993 -0.00211796 -0.0959276 0.0510076 0.00228021 0.998696 11.9303
0.998624 0.00355981 -0.0523179 -0.505503 -0.00380682 0.999982 -0.00462243 -0.10576 0.0523006 0.00481523 0.99862 12.8042
0.998509 0.0075959 -0.0540553 -0.561761 -0.007944 0.999949 -0.00622792 -0.116133 0.0540052 0.00664805 0.998519 13.6794
0.998451 0.00914679 -0.0548791 -0.614344 -0.00947051 0.999939 -0.0056415 -0.130516 0.0548242 0.0061525 0.998477 14.5421
0.998386 0.00825187 -0.0561972 -0.669047 -0.00849358 0.999956 -0.00406367 -0.144581 0.0561612 0.00453443 0.998411 15.4439
0.99831 0.00903118 -0.0574011 -0.730232 -0.0091939 0.999954 -0.00257128 -0.155466 0.0573753 0.00309467 0.998348 16.3487
0.998263 0.00818033 -0.0583455 -0.789748 -0.00833789 0.999962 -0.0024575 -0.166348 0.0583232 0.00293971 0.998293 17.3008
0.998167 0.00787621 -0.0600019 -0.847981 -0.00808851 0.999962 -0.00329615 -0.176461 0.0599736 0.00377543 0.998193 18.2161
0.998115 0.00624277 -0.0610597 -0.906352 -0.00649306 0.999971 -0.00390165 -0.190135 0.0610336 0.00429075 0.998126 19.1363
0.998061 0.00681385 -0.0618719 -0.959656 -0.00697093 0.999973 -0.00232331 -0.202569 0.0618544 0.0027501 0.998081 20.0154
0.998058 0.00820103 -0.0617447 -1.02177 -0.00814617 0.999966 0.00114022 -0.215186 0.061752 -0.000635019 0.998091 20.9484
0.998103 0.00917255 -0.0608789 -1.08607 -0.00889174 0.999949 0.00488192 -0.221265 0.0609205 -0.00433134 0.998133 21.8901
0.998212 0.00775597 -0.0592599 -1.1514 -0.00730583 0.999943 0.00780882 -0.224883 0.0593171 -0.00736192 0.998212 22.8533
0.998303 0.00796509 -0.0576896 -1.21054 -0.00747985 0.999935 0.00862224 -0.230993 0.0577545 -0.0081761 0.998297 23.8003
0.998377 0.008249 -0.0563584 -1.26679 -0.00793437 0.999952 0.00580401 -0.234437 0.0564036 -0.00534742 0.998394 24.7507
0.998417 0.0100382 -0.0553449 -1.32212 -0.0100124 0.99995 0.000744165 -0.240216 0.0553495 -0.000188853 0.998467 25.723
0.998494 0.00916171 -0.0540834 -1.3775 -0.00929184 0.999955 -0.00215506 -0.248848 0.0540612 0.00265435 0.998534 26.6856
0.998556 0.00674649 -0.0532941 -1.43089 -0.00681443 0.999976 -0.00109313 -0.257517 0.0532854 0.00145472 0.998578 27.664
0.998564 0.00491412 -0.0533498 -1.49304 -0.00472364 0.999982 0.00369587 -0.260094 0.053367 -0.00343855 0.998569 28.6742
0.998531 0.00112478 -0.0541792 -1.54341 -0.000735171 0.999974 0.00721047 -0.269602 0.0541859 -0.00716005 0.998505 29.661
0.998456 -0.00630842 -0.0551839 -1.59081 0.00667812 0.999956 0.00651753 -0.273486 0.0551404 -0.006876 0.998455 30.6453
0.998342 -0.00896664 -0.0568614 -1.64462 0.00913313 0.999955 0.0026688 -0.279095 0.0568349 -0.0031837 0.998379 31.6351
0.998261 -0.0087398 -0.0582917 -1.70558 0.00868718 0.999962 -0.00115605 -0.288943 0.0582996 0.000647649 0.998299 32.6282
0.998145 -0.00762185 -0.0604063 -1.77108 0.00751726 0.99997 -0.00195847 -0.294432 0.0604194 0.00150074 0.998172 33.6335
0.998096 -0.00729971 -0.0612498 -1.8393 0.00727238 0.999973 -0.000669028 -0.307088 0.0612531 0.000222322 0.998122 34.6731
0.998042 -0.00439651 -0.0623974 -1.91005 0.00454193 0.999987 0.00218889 -0.318578 0.062387 -0.00246801 0.998049 35.6831
0.997965 -0.0041758 -0.0636316 -1.97651 0.00440795 0.999984 0.00350836 -0.328914 0.0636159 -0.0037817 0.997967 36.6876
0.997897 -0.00362986 -0.0647217 -2.05802 0.00403802 0.999973 0.0061767 -0.335576 0.0646975 -0.00642505 0.997884 37.6838
0.997902 -0.00382776 -0.0646294 -2.12669 0.00443327 0.999948 0.00922816 -0.342248 0.0645907 -0.00949532 0.997867 38.6969
0.997884 0.00186727 -0.0649955 -2.21008 -0.00111671 0.999932 0.0115824 -0.345556 0.0650127 -0.0114853 0.997818 39.7149
0.997837 0.00132392 -0.0657226 -2.26884 -0.000618037 0.999942 0.0107595 -0.347102 0.065733 -0.0106956 0.99778 40.7251
0.997835 0.00153653 -0.0657443 -2.33642 -0.000943708 0.999959 0.00904719 -0.349217 0.0657555 -0.00896556 0.997795 41.7316
0.997844 0.00385934 -0.065516 -2.41537 -0.00342248 0.999971 0.00677895 -0.351175 0.0655402 -0.00654011 0.997828 42.7265
0.99778 0.00330639 -0.0665133 -2.47225 -0.00283039 0.99997 0.00724943 -0.359651 0.0665352 -0.00704508 0.997759 43.6931
0.997695 0.00139949 -0.067846 -2.53654 -0.0008251 0.999964 0.0084934 -0.368214 0.0678554 -0.00841784 0.99766 44.6938
0.99765 0.0019545 -0.0684887 -2.61469 -0.00130266 0.999953 0.00956084 -0.37353 0.0685042 -0.00944916 0.997606 45.6855
0.997636 0.00393402 -0.0686081 -2.70168 -0.00352588 0.999975 0.00606898 -0.374994 0.0686303 -0.00581272 0.997625 46.7141
0.997581 0.0045756 -0.0693685 -2.7783 -0.00446042 0.999988 0.00181521 -0.380155 0.069376 -0.0015014 0.997589 47.6917
0.997537 0.00545314 -0.0699313 -2.85309 -0.00541662 0.999985 0.000711727 -0.391336 0.0699341 -0.000331183 0.997552 48.6857
0.997519 0.00383504 -0.0702947 -2.91326 -0.0035555 0.999985 0.00410144 -0.408093 0.0703094 -0.00384133 0.997518 49.61
0.997506 0.00200779 -0.0705573 -2.98044 -0.00149627 0.999972 0.00730182 -0.419401 0.07057 -0.00717803 0.997481 50.5831
0.997495 0.000175881 -0.0707332 -3.04949 0.000392568 0.999968 0.00802254 -0.428579 0.0707323 -0.00803021 0.997463 51.5481
0.997493 -0.00317467 -0.0706982 -3.12645 0.00367502 0.999969 0.00694827 -0.43692 0.0706739 -0.00719067 0.997474 52.4975
0.997446 -0.00571946 -0.0711931 -3.19293 0.00613358 0.999966 0.00559956 -0.443797 0.0711586 -0.00602193 0.997447 53.4565
0.997361 -0.00748828 -0.0722148 -3.26603 0.00799476 0.999945 0.00672707 -0.449709 0.0721604 -0.00728665 0.997366 54.4151
0.997251 -0.0100488 -0.0734122 -3.3262 0.0108675 0.999883 0.010761 -0.457553 0.0732955 -0.0115292 0.997244 55.3817
0.997214 -0.0107149 -0.0738227 -3.39899 0.0119101 0.999805 0.0157697 -0.46104 0.0736393 -0.016605 0.997147 56.3392
0.997181 -0.00904677 -0.0744891 -3.47013 0.0104176 0.999783 0.018035 -0.462775 0.0743097 -0.0187602 0.997059 57.289
0.997066 -0.00896503 -0.0760135 -3.5547 0.0100626 0.99985 0.0140683 -0.462787 0.075876 -0.014792 0.997008 58.2454
0.996985 -0.00740469 -0.0772343 -3.63237 0.00792046 0.999948 0.00637388 -0.466552 0.0771831 -0.00696639 0.996993 59.1707
0.996942 -0.00580268 -0.0779338 -3.7132 0.0059395 0.999981 0.00152389 -0.469922 0.0779235 -0.00198212 0.996957 60.0872
0.996845 -0.00119359 -0.0793678 -3.78816 0.00140056 0.999996 0.00255209 -0.486957 0.0793644 -0.00265519 0.996842 60.9833
0.996773 0.0015501 -0.0802577 -3.86916 -0.00115713 0.999987 0.00494259 -0.5023 0.0802643 -0.00483377 0.996762 61.8811
0.996669 0.00395734 -0.0814546 -3.94493 -0.00344143 0.999973 0.00647315 -0.512472 0.081478 -0.00617127 0.996656 62.7679
0.996601 0.00533915 -0.082204 -4.02732 -0.00485257 0.99997 0.00611782 -0.515446 0.0822341 -0.00569813 0.996597 63.6402
0.996466 0.00721206 -0.0836811 -4.10754 -0.00665585 0.999954 0.00692391 -0.525677 0.0837271 -0.00634248 0.996469 64.4975
0.996354 0.00789427 -0.0849439 -4.18739 -0.00728351 0.999945 0.00749764 -0.533311 0.0849985 -0.00685162 0.996358 65.3503
0.996207 0.00754967 -0.086689 -4.26177 -0.00688912 0.999945 0.00791643 -0.542216 0.086744 -0.00728919 0.996204 66.1796
0.996099 0.00743336 -0.0879255 -4.33856 -0.00667916 0.999938 0.00886887 -0.547009 0.087986 -0.00824701 0.996088 66.997
0.995959 0.0102789 -0.0892201 -4.4169 -0.00927932 0.99989 0.0116109 -0.550706 0.0893296 -0.010736 0.995944 67.808
0.995838 0.0122062 -0.0903245 -4.4989 -0.0108113 0.999815 0.0159161 -0.565074 0.090502 -0.0148734 0.995785 68.6104
0.995645 0.0152989 -0.0919611 -4.57817 -0.013722 0.999748 0.0177551 -0.568755 0.0922096 -0.0164159 0.995604 69.3839
0.995477 0.0181749 -0.0932464 -4.6584 -0.0169712 0.999762 0.0136856 -0.575484 0.093473 -0.0120412 0.995549 70.1269
0.995363 0.0174418 -0.0946004 -4.73081 -0.0169128 0.999837 0.00639086 -0.57618 0.0946964 -0.00476127 0.995495 70.8078
0.995245 0.0166528 -0.0959706 -4.80145 -0.0166934 0.999861 0.000379929 -0.578778 0.0959635 0.00122395 0.995384 71.5212
0.995199 0.0173275 -0.0963287 -4.87499 -0.0174847 0.999847 -0.000787393 -0.583284 0.0963003 0.00246789 0.995349 72.2097
0.995081 0.0208044 -0.0968556 -4.94007 -0.0205926 0.999783 0.00318535 -0.600732 0.0969008 -0.00117517 0.995293 72.866
0.994956 0.0210461 -0.0980827 -5.01038 -0.0205955 0.999772 0.00560416 -0.618731 0.0981783 -0.00355583 0.995162 73.5241
0.994911 0.0178461 -0.0991644 -5.0697 -0.017694 0.999841 0.00241354 -0.630953 0.0991917 -0.000646646 0.995068 74.1538
0.995021 0.00943991 -0.0992171 -5.12874 -0.00975064 0.999949 -0.00264733 -0.635466 0.099187 0.00360157 0.995062 74.8337
0.995156 0.00531648 -0.0981604 -5.18323 -0.00608008 0.999954 -0.00748164 -0.644184 0.0981161 0.00804223 0.995142 75.4302
0.995461 0.00797336 -0.094832 -5.24696 -0.00873742 0.999933 -0.0076445 -0.654441 0.0947646 0.00843839 0.995464 76.018
0.995771 0.0126399 -0.0909959 -5.29994 -0.0131064 0.999904 -0.00453097 -0.671096 0.0909299 0.00570443 0.995841 76.5419
0.996207 0.0110247 -0.0863083 -5.34585 -0.0111964 0.999936 -0.00150569 -0.680816 0.0862862 0.00246632 0.996267 77.0985
0.996714 0.00742276 -0.0806649 -5.37771 -0.00721765 0.99997 0.00283407 -0.693233 0.0806835 -0.00224255 0.996737 77.6475
0.997358 0.0022558 -0.0726031 -5.41128 -0.00181325 0.999979 0.00616084 -0.698477 0.0726155 -0.00601291 0.997342 78.2048
0.99807 0.00583964 -0.0618301 -5.44245 -0.00547527 0.999967 0.00606096 -0.705891 0.0618634 -0.00571072 0.998068 78.7239
0.99885 0.0111552 -0.0466259 -5.4684 -0.0109079 0.999925 0.00555517 -0.712915 0.0466844 -0.0050402 0.998897 79.2255
0.999456 0.0165949 -0.0284958 -5.48452 -0.016418 0.999845 0.00642989 -0.733018 0.0285981 -0.00595855 0.999573 79.6795
0.999867 0.0149719 -0.00645649 -5.47277 -0.0149277 0.999865 0.00683792 -0.735888 0.00655799 -0.00674063 0.999956 80.1625
0.999743 0.0114903 0.0195655 -5.43824 -0.0116426 0.999903 0.0076879 -0.740824 -0.0194753 -0.00791371 0.999779 80.632
0.998741 0.0104453 0.0490664 -5.39349 -0.0109083 0.999898 0.00917795 -0.74567 -0.0489656 -0.00970162 0.998753 81.0879
0.99658 0.0095789 0.0820803 -5.3447 -0.0104763 0.99989 0.0105092 -0.745 -0.0819706 -0.0113332 0.99657 81.5286
0.992798 0.00952179 0.119423 -5.26544 -0.0108995 0.999881 0.0108889 -0.747985 -0.119305 -0.0121122 0.992784 81.9692
0.986952 0.00964031 0.160727 -5.17551 -0.0115133 0.999876 0.0107259 -0.756471 -0.160604 -0.0124364 0.986941 82.4162
0.978537 0.00925455 0.205862 -5.06128 -0.0116947 0.999875 0.0106395 -0.76065 -0.205738 -0.0128187 0.978523 82.833
0.966868 0.0113732 0.255025 -4.92929 -0.0140328 0.999864 0.00861169 -0.76996 -0.254892 -0.0119051 0.966896 83.24
0.951457 0.0122825 0.307538 -4.77331 -0.0147094 0.999876 0.00557464 -0.772724 -0.307431 -0.00982771 0.95152 83.7012
0.931581 0.012597 0.363317 -4.59282 -0.0148098 0.999885 0.00330551 -0.777382 -0.363233 -0.00845998 0.93166 84.0732
0.907044 0.0134728 0.420819 -4.39743 -0.0153732 0.999881 0.00112381 -0.779367 -0.420754 -0.00748868 0.907144 84.4271
0.878445 0.0133486 0.477656 -4.16942 -0.0148296 0.99989 -0.000670187 -0.788696 -0.477612 -0.00649471 0.878547 84.7206
0.844631 0.0117191 0.53522 -3.92963 -0.0120893 0.999923 -0.00281612 -0.796329 -0.535212 -0.00409186 0.844708 85.0329
0.807275 0.0114499 0.590064 -3.67301 -0.0112745 0.999929 -0.00397841 -0.808218 -0.590068 -0.003441 0.807346 85.3279
0.768305 0.00986909 0.640008 -3.38268 -0.0104831 0.999941 -0.00283483 -0.823376 -0.639998 -0.00453123 0.768363 85.5852
0.725305 0.00932155 0.688365 -3.09033 -0.0121868 0.999925 -0.000699814 -0.832046 -0.68832 -0.00788136 0.725364 85.8409
0.680246 0.00819738 0.732938 -2.77548 -0.0112529 0.999936 -0.000739686 -0.835247 -0.732897 -0.00774448 0.680295 86.0706
0.635022 0.00670681 0.772465 -2.48629 -0.00864708 0.999961 -0.00157349 -0.847911 -0.772445 -0.00568036 0.635056 86.2175
0.587928 0.00408563 0.808903 -2.15284 -0.00329613 0.999991 -0.00265508 -0.855358 -0.808907 -0.00110525 0.587936 86.4065
0.540971 0.00617166 0.841019 -1.81203 -0.00550019 0.999978 -0.00380025 -0.864339 -0.841024 -0.00256993 0.540992 86.5855
0.493991 0.00893644 0.869421 -1.52959 -0.00982163 0.999941 -0.00469751 -0.877892 -0.869412 -0.00621861 0.494049 86.6957
0.448224 0.0110752 0.893853 -1.18518 -0.0112677 0.999914 -0.00673912 -0.890052 -0.89385 -0.007051 0.44831 86.8385
0.405931 0.00849051 0.913864 -0.829353 -0.00417848 0.999964 -0.00743439 -0.894755 -0.913894 -0.000800715 0.405951 86.9511
0.366894 0.00115587 0.930262 -0.521765 0.011472 0.999918 -0.00576697 -0.89441 -0.930192 0.0127878 0.366851 86.9961
0.331632 -0.00255373 0.943405 -0.157383 0.0153273 0.999879 -0.00268135 -0.8987 -0.943284 0.015349 0.331631 87.0861
0.298549 0.00147482 0.954393 0.207182 0.0122469 0.999911 -0.00537617 -0.907575 -0.954316 0.0132934 0.298504 87.1817
0.26712 0.00934259 0.963618 0.583772 0.00180625 0.999946 -0.0101955 -0.918334 -0.963662 0.00446396 0.267089 87.2837
0.238849 0.0136456 0.970961 0.965249 -0.00311153 0.999907 -0.013287 -0.934789 -0.971052 0.000152411 0.238869 87.3691
0.213361 0.0152497 0.976854 1.36246 -0.00191994 0.999883 -0.0151898 -0.950681 -0.976972 0.00136541 0.213365 87.4349
0.190048 0.0164827 0.981637 1.7715 0.00531395 0.999827 -0.0178169 -0.961781 -0.981761 0.00860244 0.189927 87.4875
0.169643 0.0229004 0.98524 2.14962 0.0122636 0.999604 -0.0253459 -0.95975 -0.985429 0.0163823 0.169295 87.5267
0.149936 0.0296298 0.988252 2.57469 0.0139844 0.999387 -0.0320854 -0.9604 -0.988597 0.0186309 0.14943 87.5786
0.131963 0.0306623 0.99078 3.02856 0.0118448 0.999401 -0.0325067 -0.970743 -0.991184 0.0160253 0.131521 87.6376
0.116541 0.0261242 0.992842 3.48838 0.00979458 0.999575 -0.0274511 -0.995329 -0.993138 0.0129236 0.116235 87.6849
0.10204 0.0228646 0.994518 3.96775 0.00999187 0.999662 -0.0240081 -1.0159 -0.99473 0.0123869 0.101777 87.7285
0.0887328 0.0203529 0.995848 4.46251 0.0124111 0.999691 -0.0215373 -1.03355 -0.995978 0.0142707 0.0884527 87.7631
0.0770412 0.0195931 0.996835 4.92616 0.0169985 0.999636 -0.0209619 -1.04491 -0.996883 0.0185597 0.07668 87.7848
0.0670169 0.0201669 0.997548 5.44614 0.0200206 0.999567 -0.0215528 -1.0614 -0.997551 0.0214159 0.0665842 87.8101
0.0589918 0.0206555 0.998045 5.97632 0.0218725 0.999519 -0.0219788 -1.07749 -0.998019 0.0231263 0.0585116 87.8368
0.0531334 0.0212811 0.998361 6.5456 0.0237569 0.999463 -0.022569 -1.08601 -0.998305 0.0249172 0.0525993 87.863
0.0476876 0.0222363 0.998615 7.12036 0.0251124 0.999409 -0.0234532 -1.10489 -0.998547 0.0261961 0.047101 87.8855
0.0417255 0.0228912 0.998867 7.70459 0.0258833 0.999377 -0.0239841 -1.11995 -0.998794 0.0268547 0.041107 87.9084
0.0371749 0.0229296 0.999046 8.28571 0.0279077 0.999323 -0.0239745 -1.13909 -0.998919 0.0287724 0.0365098 87.9218
0.0345005 0.0229861 0.99914 8.91349 0.0298798 0.999265 -0.0240207 -1.15342 -0.998958 0.0306828 0.0337883 87.936
0.0313969 0.022536 0.999253 9.55444 0.0302955 0.999265 -0.0234881 -1.17314 -0.999048 0.0310103 0.0306911 87.9544
0.0287359 0.0218364 0.999348 10.2371 0.0325321 0.999211 -0.0227689 -1.19252 -0.999058 0.0331652 0.0280029 87.9798
0.0279868 0.0213829 0.99938 10.9029 0.0370939 0.99906 -0.0224149 -1.21496 -0.99892 0.0376982 0.0271673 87.9972
0.0291945 0.0211027 0.999351 11.6149 0.0408366 0.998917 -0.0222866 -1.23089 -0.998739 0.0414608 0.0283012 88.0087
0.0314019 0.0209966 0.999286 12.3195 0.0419568 0.99887 -0.0223063 -1.25808 -0.998626 0.0426273 0.0304855 88.0273
0.0352015 0.0208184 0.999163 13.0456 0.044331 0.998766 -0.022372 -1.28257 -0.998397 0.0450814 0.0342352 88.0551
0.0393557 0.0204076 0.999017 13.7944 0.0445638 0.998761 -0.022158 -1.30053 -0.998231 0.045392 0.0383975 88.091
0.0435021 0.0189758 0.998873 14.5129 0.0458962 0.998726 -0.0209719 -1.31272 -0.997999 0.0467568 0.0425758 88.1134
0.0474119 0.0173165 0.998725 15.2946 0.0459747 0.998752 -0.0194995 -1.3365 -0.997817 0.0468406 0.0465566 88.1574
0.0515593 0.0151461 0.998555 16.0764 0.0425633 0.998943 -0.0173497 -1.35944 -0.997762 0.0433964 0.0508602 88.2005
0.0555473 0.0141794 0.998355 16.899 0.0424021 0.998964 -0.0165473 -1.37813 -0.997555 0.0432515 0.0548884 88.2566
0.0595537 0.0151906 0.99811 17.7131 0.0394359 0.999068 -0.0175582 -1.40092 -0.997446 0.040407 0.0588991 88.3136
0.0626568 0.0192184 0.99785 18.5221 0.0375977 0.999059 -0.0216025 -1.42497 -0.997327 0.0388704 0.0618753 88.3722
0.0637174 0.0247591 0.997661 19.3593 0.0314547 0.999146 -0.0268048 -1.4459 -0.997472 0.033089 0.0628842 88.4389
0.0639002 0.0277726 0.99757 20.1774 0.0289651 0.99914 -0.0296717 -1.47468 -0.997536 0.0307908 0.0630408 88.4898
0.0639457 0.0273565 0.997578 21.0052 0.0266134 0.999222 -0.0291075 -1.50348 -0.997598 0.0284102 0.0631679 88.5514
0.0638507 0.0253382 0.997638 21.7541 0.0238675 0.999353 -0.0269093 -1.5436 -0.997674 0.0255293 0.0632047 88.6074
0.0635434 0.0242784 0.997684 22.5666 0.0246866 0.99936 -0.0258915 -1.57269 -0.997674 0.0262746 0.0629033 88.6661
0.0640546 0.0236573 0.997666 23.4055 0.0227288 0.999425 -0.0251583 -1.60313 -0.997688 0.0242873 0.06348 88.727
0.0643981 0.0237742 0.997641 24.2501 0.0210624 0.999461 -0.0251772 -1.63888 -0.997702 0.0226341 0.0638626 88.7731
0.064458 0.0244466 0.997621 25.0809 0.0182916 0.999503 -0.0256746 -1.66869 -0.997753 0.019903 0.0639788 88.8391
0.0631971 0.0258017 0.997667 25.9047 0.0156183 0.999518 -0.0268389 -1.70086 -0.997879 0.017278 0.0627637 88.905
0.0602122 0.0252488 0.997866 26.7193 0.0117988 0.999592 -0.0260044 -1.73887 -0.998116 0.0133395 0.0598897 88.9613
0.0563168 0.0240027 0.998124 27.5425 0.00931822 0.999655 -0.0245652 -1.77158 -0.998369 0.0106842 0.0560737 89.0168
0.0512707 0.0214815 0.998454 28.3521 0.00765775 0.999731 -0.0219022 -1.80512 -0.998655 0.00876885 0.0510924 89.0703
0.0449194 0.0195609 0.998799 29.1926 0.00499159 0.999791 -0.0198048 -1.83185 -0.998978 0.00587522 0.0448124 89.1166
0.0378283 0.0197476 0.999089 29.9872 0.00519975 0.999787 -0.0199583 -1.85906 -0.999271 0.00595 0.0377176 89.139
0.0286868 0.0204219 0.99938 30.7937 0.00380426 0.999782 -0.0205393 -1.89534 -0.999581 0.0043911 0.0286029 89.1744
0.0192308 0.0208527 0.999598 31.6209 0.0047963 0.999769 -0.0209486 -1.92143 -0.999804 0.00519722 0.0191263 89.1783
0.00892998 0.0199941 0.99976 32.4165 0.00622728 0.99978 -0.0200501 -1.94413 -0.999941 0.00640483 0.0088035 89.1876
-0.00169688 0.0190744 0.999817 33.2318 0.00484844 0.999806 -0.019066 -1.97049 -0.999987 0.0048152 -0.00178904 89.1804
-0.0128199 0.0182704 0.999751 34.0658 0.00721119 0.999809 -0.018179 -2.0061 -0.999892 0.00697634 -0.0129492 89.176
-0.0238928 0.0186524 0.999541 34.8552 0.00761056 0.9998 -0.0184753 -2.03385 -0.999686 0.00716564 -0.02403 89.1571
-0.0348626 0.0192341 0.999207 35.6361 0.00799584 0.999788 -0.0189663 -2.05948 -0.99936 0.00732828 -0.035009 89.1284
-0.0457244 0.0202856 0.998748 36.3629 0.00651474 0.999779 -0.0200083 -2.07804 -0.998933 0.00559172 -0.0458464 89.0947
-0.0561691 0.0212155 0.998196 37.1428 0.00728855 0.999756 -0.0208385 -2.10784 -0.998395 0.00610492 -0.0563101 89.0509
-0.0657671 0.0219754 0.997593 37.9084 0.00760078 0.999739 -0.0215216 -2.13299 -0.997806 0.00616707 -0.065917 89.0006
-0.0753175 0.0225193 0.996905 38.6761 0.0081449 0.999726 -0.0219676 -2.15831 -0.997126 0.00646515 -0.0754803 88.9344
-0.0848137 0.022822 0.996135 39.4308 0.00886615 0.999715 -0.0221491 -2.18765 -0.996357 0.00695334 -0.0849919 88.873
-0.0934627 0.0224678 0.995369 40.1674 0.0102463 0.999714 -0.0216038 -2.2116 -0.99557 0.00817969 -0.0936662 88.8059
-0.100815 0.0212969 0.994677 40.8831 0.0122199 0.999722 -0.0201663 -2.2414 -0.99483 0.0101218 -0.101047 88.7383
-0.106052 0.0196331 0.994167 41.607 0.0149243 0.999724 -0.0181508 -2.26759 -0.994249 0.0129123 -0.106315 88.6578
-0.109779 0.0181362 0.993791 42.3314 0.0179172 0.999707 -0.0162649 -2.29171 -0.993795 0.0160204 -0.110072 88.5745
-0.112722 0.0174453 0.993473 43 0.0206583 0.999671 -0.0152101 -2.31383 -0.993412 0.018809 -0.113045 88.4923
-0.11469 0.0166264 0.993262 43.6908 0.0207759 0.999681 -0.0143349 -2.33642 -0.993184 0.0189918 -0.114999 88.4192
-0.115565 0.0168937 0.993156 44.367 0.0215087 0.999663 -0.0145016 -2.36072 -0.993067 0.0196856 -0.115889 88.3447
-0.113954 0.0173721 0.993334 45.0489 0.0213978 0.999658 -0.015028 -2.38682 -0.993256 0.0195427 -0.114287 88.2709
-0.111078 0.01909 0.993628 45.6889 0.0227434 0.999602 -0.0166623 -2.4058 -0.993551 0.0207477 -0.111468 88.2028
-0.105928 0.0195386 0.994182 46.3166 0.0227344 0.999593 -0.0172226 -2.42976 -0.994114 0.0207778 -0.106329 88.1417
-0.0974942 0.0204921 0.995025 46.8972 0.0227795 0.999572 -0.0183538 -2.44321 -0.994975 0.0208768 -0.0979192 88.0851
-0.0863665 0.0204179 0.996054 47.4726 0.0220117 0.999585 -0.0185817 -2.46567 -0.99602 0.0203201 -0.0867801 88.0441
-0.0724769 0.0204335 0.997161 48.0175 0.0206332 0.999607 -0.018984 -2.49753 -0.997157 0.0191987 -0.07287 88.0082
-0.0550588 0.0219584 0.998242 48.5853 0.0211193 0.99956 -0.0208225 -2.51158 -0.99826 0.0199357 -0.0554984 87.9897
-0.0338943 0.024255 0.999131 49.1221 0.0191168 0.999538 -0.0236164 -2.53976 -0.999243 0.0182997 -0.0343423 87.9898
-0.00940676 0.027259 0.999584 49.5962 0.0164671 0.999497 -0.0271016 -2.55578 -0.99982 0.0162054 -0.00985091 88.0074
0.0188155 0.0288947 0.999405 50.12 0.0145618 0.999468 -0.0291707 -2.58023 -0.999717 0.015102 0.0183847 88.0387
0.0521932 0.0284199 0.998233 50.6371 0.0124679 0.999499 -0.0291079 -2.5993 -0.998559 0.0139651 0.0518127 88.0807
0.0900168 0.0265096 0.995587 51.1968 0.0121652 0.999542 -0.0277148 -2.6118 -0.995866 0.0146063 0.089653 88.1504
0.132156 0.0227898 0.990967 51.7051 0.0101721 0.999652 -0.024346 -2.63197 -0.991177 0.0132977 0.131878 88.2426
0.177425 0.0185274 0.98396 52.2114 0.00771323 0.999766 -0.0202159 -2.65347 -0.984104 0.0111763 0.17724 88.3593
0.225133 0.0151586 0.97421 52.6622 0.00261837 0.999866 -0.0161629 -2.67421 -0.974325 0.00618965 0.225063 88.5122
0.276524 0.0135444 0.960912 53.1383 -0.00108271 0.999904 -0.0137824 -2.69221 -0.961006 0.00277077 0.276512 88.6845
0.331415 0.013217 0.943392 53.598 -0.00175465 0.999909 -0.0133924 -2.70734 -0.943483 0.00278312 0.331408 88.8767
0.388012 0.0142692 0.921544 54.0313 0.00123963 0.999871 -0.016004 -2.71854 -0.921654 0.00735211 0.387944 89.1017
0.448246 0.0173572 0.893741 54.449 0.00230845 0.999786 -0.0205745 -2.73711 -0.893907 0.0112856 0.44811 89.3416
0.508246 0.0203979 0.860971 54.854 0.00363489 0.99966 -0.0258294 -2.75551 -0.861204 0.0162572 0.507999 89.6123
0.562927 0.0250001 0.826129 55.183 -0.000139668 0.999545 -0.0301528 -2.76771 -0.826507 0.0168584 0.562674 89.9348
0.618455 0.0274953 0.785339 55.5259 -0.0035669 0.999476 -0.0321834 -2.7848 -0.785812 0.0171028 0.618229 90.2678
0.671055 0.0277437 0.740888 55.8461 -0.0045731 0.999435 -0.0332833 -2.80629 -0.741393 0.0189468 0.670803 90.6178
0.720252 0.0253914 0.693248 56.0579 -0.00404388 0.999467 -0.0324059 -2.82273 -0.693701 0.020537 0.719971 90.9326
0.765515 0.0218955 0.643046 56.3268 -0.00585889 0.999617 -0.0270619 -2.83795 -0.643392 0.0169488 0.76535 91.32
0.807049 0.0165064 0.590253 56.5751 -0.00600406 0.999787 -0.0197497 -2.85516 -0.590453 0.012395 0.806976 91.7329
0.84474 0.0135617 0.535005 56.7694 -0.00760418 0.999882 -0.0133392 -2.86691 -0.535123 0.00719985 0.844743 92.1146
0.876013 0.00988215 0.482186 56.9584 -0.00793548 0.99995 -0.00607664 -2.87833 -0.482222 0.00149684 0.876048 92.5499
0.901795 0.0101887 0.432043 57.1234 -0.0111178 0.999938 -0.000375042 -2.89449 -0.43202 -0.00446518 0.901853 92.9997
0.922351 0.0128383 0.386141 57.2372 -0.0150062 0.999884 0.00260053 -2.89174 -0.386063 -0.00819311 0.922436 93.4043
0.937816 0.0184706 0.346641 57.3625 -0.0216827 0.99975 0.00538998 -2.89953 -0.346455 -0.0125709 0.937982 93.8707
0.949931 0.0227925 0.311628 57.4822 -0.0254243 0.999667 0.00438475 -2.90039 -0.311425 -0.0120881 0.950194 94.3429
0.959682 0.0244123 0.280024 57.5466 -0.0266694 0.999635 0.00425239 -2.89829 -0.279818 -0.011549 0.959983 94.7076
0.96595 0.0186322 0.258056 57.6688 -0.020419 0.999782 0.00424531 -2.90144 -0.25792 -0.00936999 0.966121 95.182
0.970022 0.0157596 0.242505 57.7833 -0.0174944 0.999834 0.00500191 -2.90877 -0.242386 -0.00909444 0.970137 95.6636
0.972982 0.0200981 0.230006 57.8839 -0.0217521 0.999753 0.00465743 -2.91269 -0.229856 -0.00953471 0.973178 96.1637
0.975209 0.0246913 0.219903 57.9777 -0.0264103 0.999639 0.00487999 -2.90956 -0.219703 -0.0105667 0.97551 96.6458
0.976313 0.0324485 0.213915 58.0749 -0.0339944 0.999416 0.00355138 -2.90924 -0.213675 -0.0107392 0.976846 97.1583
0.976743 0.038457 0.210937 58.1795 -0.0393527 0.999225 4.87803e-05 -2.91416 -0.210772 -0.00834859 0.9775 97.6826
0.976838 0.0406738 0.210079 58.2888 -0.0410695 0.999153 -0.00248077 -2.92132 -0.210002 -0.00620452 0.977681 98.245
0.976366 0.0392084 0.212536 58.4106 -0.0388141 0.999228 -0.00602901 -2.92994 -0.212608 -0.00236287 0.977135 98.7953
0.975532 0.0379061 0.216566 58.5369 -0.0360842 0.999272 -0.012362 -2.93903 -0.216877 0.00424495 0.97619 99.3471
0.974705 0.0377026 0.220294 58.6641 -0.0347241 0.999246 -0.0173789 -2.94206 -0.220783 0.00928979 0.975279 99.9185
0.973471 0.0426509 0.224801 58.79 -0.0398616 0.999062 -0.0169343 -2.95281 -0.225312 0.00752415 0.974258 100.513
0.971979 0.0458725 0.230549 58.9223 -0.0440941 0.998945 -0.0128627 -2.96544 -0.230896 0.00233642 0.972976 101.116
0.971024 0.0425787 0.235158 59.0683 -0.0418322 0.999091 -0.00816441 -2.98127 -0.235292 -0.00190934 0.971923 101.698
0.970282 0.038252 0.238936 59.2286 -0.0387355 0.999246 -0.00267397 -2.98926 -0.238858 -0.00666079 0.971032 102.322
0.969477 0.0356475 0.242578 59.3901 -0.0372799 0.999303 0.00214113 -3.00125 -0.242332 -0.011119 0.97013 102.953
0.968953 0.0310306 0.245292 59.5447 -0.0326532 0.999463 0.00254989 -2.99777 -0.245081 -0.0104803 0.969446 103.584
0.968975 0.0278193 0.245589 59.7127 -0.0285688 0.999592 -0.000511061 -3.00352 -0.245503 -0.00652099 0.969374 104.226
0.969134 0.0272908 0.245021 59.8822 -0.0262591 0.999627 -0.00747724 -3.01398 -0.245134 0.000812407 0.969489 104.877
0.969233 0.0295953 0.244358 60.0349 -0.0268949 0.999535 -0.014381 -3.02152 -0.244669 0.00736655 0.969579 105.53
0.969784 0.0326445 0.241771 60.1929 -0.0291044 0.999411 -0.0182002 -3.02746 -0.242223 0.0106137 0.970163 106.199
0.970455 0.030816 0.239305 60.3602 -0.0283355 0.999503 -0.0137998 -3.04259 -0.239611 0.0066113 0.970846 106.888
0.970819 0.0270102 0.238288 60.5346 -0.0263244 0.999635 -0.00606012 -3.05686 -0.238364 -0.000389505 0.971176 107.636
0.971417 0.0273341 0.2358 60.7079 -0.0280387 0.999607 -0.000364922 -3.06805 -0.235717 -0.00625703 0.971802 108.364
0.971758 0.0305972 0.233988 60.8688 -0.0312379 0.999512 -0.00096835 -3.07869 -0.233903 -0.00636828 0.972239 109.081
0.972165 0.0352971 0.231622 61.0306 -0.0349532 0.999373 -0.00558944 -3.09121 -0.231674 -0.00266208 0.97279 109.822
0.973022 0.036095 0.227872 61.1909 -0.03454 0.999345 -0.0108096 -3.10139 -0.228113 0.00264725 0.973631 110.558
0.97397 0.0350553 0.223951 61.3632 -0.0328089 0.999367 -0.0137451 -3.11204 -0.224291 0.00603977 0.974503 111.331
0.975 0.0323329 0.219839 61.5406 -0.030341 0.999462 -0.0124321 -3.12442 -0.220123 0.00545113 0.975457 112.07
0.975877 0.0284407 0.216461 61.7177 -0.0268561 0.999587 -0.0102594 -3.14176 -0.216663 0.00419864 0.976237 112.858
0.976303 0.0274719 0.214656 61.8891 -0.0264941 0.999621 -0.00743137 -3.15785 -0.214779 0.00156814 0.976661 113.655
0.976571 0.024518 0.213796 62.0632 -0.0239675 0.999699 -0.00516663 -3.16307 -0.213859 -7.85987e-05 0.976865 114.463
0.976806 0.0193462 0.21325 62.2463 -0.0188905 0.999813 -0.00417461 -3.1704 -0.213291 4.93862e-05 0.976989 115.277
0.976934 0.0203939 0.212563 62.4191 -0.0203549 0.99979 -0.00237181 -3.18567 -0.212567 -0.00200961 0.977144 116.081
0.976741 0.0247937 0.212985 62.5747 -0.0244355 0.999692 -0.00431449 -3.19779 -0.213026 -0.000990249 0.977046 116.878
0.976485 0.0303797 0.213435 62.7441 -0.0294424 0.999538 -0.00756969 -3.21168 -0.213566 0.00110764 0.976928 117.698
0.975985 0.0390605 0.214307 62.9063 -0.038011 0.999237 -0.00901774 -3.22602 -0.214496 0.000655161 0.976725 118.525
0.975076 0.045517 0.21715 63.0933 -0.0447428 0.998963 -0.0084834 -3.24362 -0.217311 -0.00144396 0.976101 119.377
0.974269 0.0479428 0.22023 63.2672 -0.0477042 0.998841 -0.00640487 -3.26253 -0.220282 -0.00426582 0.975427 120.22
0.973666 0.0486884 0.22272 63.4505 -0.0482774 0.998807 -0.00729249 -3.27907 -0.222809 -0.00365188 0.974855 121.048
0.973264 0.0472812 0.22477 63.6224 -0.0461825 0.998881 -0.0101461 -3.28876 -0.224998 -0.000505557 0.974359 121.849
0.973265 0.041234 0.225951 63.8243 -0.0403054 0.999149 -0.00872337 -3.30626 -0.226119 -0.000616909 0.974099 122.689
0.973466 0.0343501 0.22624 64.0261 -0.0328889 0.999407 -0.0102259 -3.32664 -0.226458 0.00251376 0.974018 123.532
0.973277 0.0329204 0.227262 64.2192 -0.0314108 0.999454 -0.010257 -3.34962 -0.227475 0.00284447 0.97378 124.331
0.972769 0.0355337 0.229036 64.4043 -0.0347547 0.999368 -0.00743522 -3.36418 -0.229155 -0.000727312 0.97339 125.176
0.97244 0.0372239 0.230161 64.5951 -0.0378834 0.999281 -0.00155448 -3.3821 -0.230053 -0.00720762 0.973151 126.009
0.971968 0.0412728 0.231461 64.7863 -0.0430105 0.999072 0.00246404 -3.39646 -0.231144 -0.0123502 0.972841 126.882
0.971738 0.0405259 0.232557 64.9769 -0.0407435 0.999162 -0.0038698 -3.41659 -0.232518 -0.00571474 0.972575 127.705
0.971957 0.0365563 0.232298 65.1758 -0.0332359 0.999282 -0.0181929 -3.43652 -0.232797 0.00996208 0.972474 128.522
0.972357 0.0335201 0.231081 65.3936 -0.0280131 0.999241 -0.0270725 -3.45774 -0.231813 0.0198509 0.972558 129.354
0.972567 0.0307176 0.230588 65.5862 -0.0272895 0.999465 -0.018042 -3.47472 -0.231019 0.0112545 0.972884 130.186
0.972989 0.0239118 0.229608 65.7877 -0.0252271 0.999678 0.00279419 -3.49542 -0.229467 -0.00851104 0.973279 131.043
0.973232 0.0207409 0.228887 65.9719 -0.0255649 0.999509 0.0181304 -3.51413 -0.228399 -0.0234965 0.973284 131.84
0.97327 0.0256417 0.228228 66.1516 -0.0292625 0.999494 0.0124947 -3.52581 -0.227792 -0.0188393 0.973527 132.653
0.973465 0.0339259 0.226306 66.3219 -0.0339854 0.999416 -0.00363447 -3.52552 -0.226297 -0.00415306 0.97405 133.446
0.97374 0.0340453 0.225103 66.4969 -0.032312 0.999413 -0.0113807 -3.53565 -0.225359 0.00380833 0.974268 134.232
0.974348 0.0299935 0.223039 66.6861 -0.0280149 0.999535 -0.0120305 -3.55622 -0.223296 0.00547347 0.974735 135.043
0.975034 0.0294424 0.220094 66.8772 -0.0278386 0.999558 -0.0103858 -3.58349 -0.220302 0.00399936 0.975423 135.874
0.975796 0.0295815 0.216673 67.0494 -0.0276545 0.999546 -0.0119209 -3.5867 -0.216927 0.00564037 0.976171 136.729
0.976834 0.0304852 0.211818 67.2182 -0.0282891 0.99951 -0.0133911 -3.60853 -0.212122 0.00708872 0.977217 137.53
0.977298 0.0353709 0.208896 67.3745 -0.0333266 0.999356 -0.0132991 -3.63535 -0.209231 0.00603538 0.977848 138.333
0.977458 0.0417212 0.206965 67.5262 -0.039781 0.999117 -0.0135289 -3.66026 -0.207347 0.00499064 0.978255 139.122
0.977786 0.0430195 0.205142 67.6841 -0.0415075 0.99907 -0.01167 -3.67933 -0.205453 0.00289586 0.978663 139.925
0.978107 0.0410286 0.204018 67.8493 -0.0405008 0.999157 -0.00676355 -3.69824 -0.204124 -0.00164741 0.978944 140.727
0.97848 0.0393791 0.202551 68.005 -0.038819 0.999224 -0.00673845 -3.72049 -0.202659 -0.00126939 0.979249 141.508
0.979063 0.0381881 0.199943 68.1687 -0.0369982 0.999268 -0.00968558 -3.73888 -0.200167 0.00208524 0.97976 142.308
0.980217 0.0337353 0.195032 68.3364 -0.0316819 0.999405 -0.0136392 -3.75135 -0.195376 0.00719042 0.980702 143.099
0.981544 0.0307009 0.188757 68.4596 -0.0284391 0.999488 -0.0146797 -3.76961 -0.189111 0.00904071 0.981914 143.838
0.982832 0.0289757 0.182212 68.6136 -0.0277326 0.999571 -0.00936673 -3.78788 -0.182405 0.00415271 0.983215 144.645
0.983961 0.02652 0.176402 68.7477 -0.0267952 0.999641 -0.000822263 -3.80681 -0.17636 -0.00391764 0.984318 145.442
0.984721 0.0231999 0.172585 68.9104 -0.0250399 0.99965 0.00849204 -3.81012 -0.172328 -0.0126838 0.984958 146.329
0.985197 0.0299848 0.168783 69.0275 -0.0323135 0.999417 0.0110668 -3.81505 -0.168352 -0.0163569 0.985591 147.128
0.985914 0.0329681 0.16397 69.1492 -0.0345128 0.999383 0.00657983 -3.82427 -0.163652 -0.0121462 0.986443 147.928
0.987059 0.0340704 0.156694 69.2605 -0.0339356 0.999418 -0.00353655 -3.83138 -0.156723 -0.00182671 0.987641 148.69
0.988165 0.0308978 0.150252 69.3809 -0.029879 0.999513 -0.00903423 -3.83744 -0.150458 0.00443794 0.988607 149.484
0.989164 0.0301331 0.143686 69.4908 -0.0293067 0.99954 -0.00786552 -3.85191 -0.143857 0.00356934 0.989592 150.287
0.990027 0.0368339 0.135977 69.6003 -0.0365304 0.999321 -0.0047278 -3.86661 -0.136059 -0.000286633 0.990701 151.128
0.990848 0.0425459 0.128101 69.6864 -0.0420873 0.999094 -0.0062859 -3.87897 -0.128252 0.00083695 0.991741 151.948
0.992021 0.0452681 0.117668 69.778 -0.0441701 0.998953 -0.0119234 -3.89639 -0.118084 0.00663081 0.992981 152.763
0.993065 0.0427311 0.109531 69.8489 -0.0413933 0.999038 -0.0144603 -3.90404 -0.110043 0.0098262 0.993878 153.57
0.993942 0.0426073 0.101314 69.93 -0.0416409 0.999065 -0.0116357 -3.91735 -0.101715 0.00734636 0.994786 154.384
0.994563 0.0454672 0.0936879 69.9944 -0.0452466 0.998966 -0.00447873 -3.93383 -0.0937946 0.000215322 0.995592 155.215
0.995097 0.0491839 0.0858126 70.0489 -0.0494992 0.998773 0.00154942 -3.96013 -0.0856311 -0.00578948 0.99631 156.052
0.995772 0.048069 0.0782763 70.1067 -0.0485997 0.998806 0.00488758 -3.96665 -0.0779479 -0.00867111 0.99692 156.877
0.996179 0.0491159 0.072217 70.1573 -0.0497517 0.998737 0.00703032 -3.97461 -0.0717805 -0.0105964 0.997364 157.713
0.996595 0.04708 0.067694 70.2229 -0.0475662 0.998852 0.00558834 -3.98222 -0.0673532 -0.00878926 0.99769 158.538
0.996652 0.0520742 0.0630256 70.2612 -0.0521837 0.998637 9.26285e-05 -3.99009 -0.0629349 -0.00338123 0.998012 159.37
0.99657 0.057833 0.0591977 70.2929 -0.0575479 0.998322 -0.00651155 -3.99927 -0.059475 0.00308251 0.998225 160.194
0.996674 0.0591662 0.0560345 70.3402 -0.0587761 0.998234 -0.00858612 -4.01702 -0.0564435 0.00526407 0.998392 160.989
0.996733 0.0609042 0.0530386 70.3774 -0.0608617 0.998143 -0.00241669 -4.02659 -0.0530873 -0.000819221 0.99859 161.823
0.996701 0.0629266 0.0512596 70.4086 -0.0634191 0.997955 0.00803633 -4.0356 -0.050649 -0.0112606 0.998653 162.667
0.996632 0.0660619 0.0485836 70.4358 -0.0668704 0.997646 0.0152056 -4.02921 -0.0474648 -0.0184032 0.998703 163.532
0.997076 0.0627558 0.0435975 70.4671 -0.0633413 0.997918 0.0121775 -4.0355 -0.0427425 -0.0149034 0.998975 164.355
0.99799 0.0507865 0.0378961 70.5015 -0.0509109 0.998701 0.0023229 -4.04411 -0.0377289 -0.00424755 0.999279 165.187
0.998419 0.047277 0.0304097 70.5382 -0.0472332 0.998882 -0.00215776 -4.04349 -0.0304777 0.000718004 0.999535 166.042
0.998418 0.0510288 0.0236001 70.5446 -0.0510209 0.998697 -0.000934261 -4.04723 -0.023617 -0.000271317 0.999721 166.877
0.998652 0.0493005 0.0162274 70.5491 -0.0493963 0.998764 0.00555795 -4.05646 -0.0159333 -0.00635203 0.999853 167.697
0.999027 0.0433083 0.00836308 70.5578 -0.0433847 0.999016 0.00918388 -4.06966 -0.00795711 -0.00953777 0.999923 168.444
0.99939 0.0348057 0.00280053 70.5593 -0.0348405 0.999302 0.01351 -4.07104 -0.00232835 -0.0135993 0.999905 169.284
0.999532 0.0303678 -0.00361043 70.5635 -0.0303169 0.99945 0.0134057 -4.07059 0.00401555 -0.01329 0.999904 170.112
0.999583 0.0271453 -0.00985231 70.5484 -0.0270811 0.999612 0.00658912 -4.08018 0.0100273 -0.00631956 0.99993 170.921
0.999689 0.0178337 -0.0174507 70.5378 -0.017897 0.999834 -0.00347459 -4.08451 0.0173859 0.00378582 0.999842 171.756
0.999679 0.00784995 -0.0240877 70.5323 -0.00803304 0.99994 -0.00751381 -4.08983 0.0240272 0.0077049 0.999682 172.595
0.999488 0.0114851 -0.0298765 70.4845 -0.0114884 0.999934 6.09538e-05 -4.09406 0.0298752 0.000282311 0.999554 173.442
0.99915 0.0222822 -0.0346943 70.4324 -0.0218325 0.999673 0.0132858 -4.09563 0.034979 -0.012517 0.99931 174.307
0.998857 0.0271387 -0.039339 70.3871 -0.0263236 0.999431 0.0210912 -4.10195 0.039889 -0.0200316 0.999003 175.15
0.998715 0.0262796 -0.0433234 70.3333 -0.0255079 0.999508 0.0182698 -4.10651 0.0437822 -0.0171412 0.998894 175.931
0.998571 0.0280159 -0.0454995 70.285 -0.0276919 0.999587 0.00773602 -4.10909 0.0456974 -0.006465 0.998934 176.773
0.998048 0.0391343 -0.0486733 70.2344 -0.0392462 0.999229 -0.00134471 -4.11417 0.0485832 0.00325232 0.998814 177.611
0.99806 0.0355392 -0.0511262 70.1842 -0.0358501 0.999344 -0.0051774 -4.11161 0.0509086 0.00700023 0.998679 178.463
0.998111 0.0301367 -0.0535327 70.1444 -0.0301893 0.999544 -0.00017385 -4.12317 0.053503 0.00178964 0.998566 179.327
0.998118 0.0300094 -0.0534724 70.0996 -0.0295988 0.999526 0.0084544 -4.12485 0.0537008 -0.00685577 0.998534 180.19
0.998091 0.03152 -0.0531136 70.0427 -0.0308131 0.999426 0.0140756 -4.13465 0.0535268 -0.0124121 0.998489 181.065
0.997999 0.0312159 -0.0549873 69.9973 -0.0305272 0.999445 0.0133208 -4.13913 0.0553726 -0.0116156 0.998398 181.915
0.997977 0.0278772 -0.0571458 69.9432 -0.0276769 0.999608 0.00429486 -4.14573 0.0572431 -0.00270455 0.998357 182.77
0.998073 0.0180574 -0.0593704 69.8961 -0.0185261 0.999801 -0.00735359 -4.14877 0.0592258 0.00843932 0.998209 183.612
0.998085 0.00744858 -0.0614019 69.8551 -0.00815837 0.999903 -0.0113172 -4.16164 0.0613116 0.0117964 0.998049 184.464
0.998001 0.0100235 -0.0623919 69.7962 -0.0104661 0.999922 -0.0067716 -4.17439 0.0623192 0.00741106 0.998029 185.329
0.997847 0.0173586 -0.0632457 69.733 -0.0171223 0.999844 0.0042758 -4.19085 0.0633101 -0.00318369 0.997989 186.122
0.997734 0.0184751 -0.0646936 69.6719 -0.017998 0.999806 0.00794916 -4.20342 0.0648279 -0.00676679 0.997874 186.967
0.997693 0.0173338 -0.0656319 69.6139 -0.0170954 0.999845 0.00419209 -4.21 0.0656944 -0.00306042 0.997835 187.814
0.997688 0.0185164 -0.0653905 69.5546 -0.0186826 0.999824 -0.00193136 -4.21964 0.0653432 0.00314856 0.997858 188.669
0.997512 0.02585 -0.0655893 69.4819 -0.026057 0.999658 -0.00230135 -4.22709 0.0655074 0.00400468 0.997844 189.516
0.997422 0.0282407 -0.0659753 69.4178 -0.0282631 0.9996 0.000593225 -4.23292 0.0659657 0.00127297 0.997821 190.356
0.997322 0.0297115 -0.0668226 69.3558 -0.0294969 0.999556 0.00419734 -4.25511 0.0669177 -0.00221505 0.997756 191.189
0.997223 0.0332507 -0.0666454 69.2866 -0.0328573 0.999436 0.00699078 -4.2615 0.0668402 -0.00478158 0.997752 192.018
0.997052 0.0366476 -0.0674079 69.2244 -0.0362923 0.99932 0.00648835 -4.26383 0.0675998 -0.00402284 0.997704 192.867
0.997092 0.0346296 -0.0678912 69.1726 -0.0345161 0.9994 0.00284398 -4.28123 0.0679489 -0.000492365 0.997689 193.652
0.996958 0.0361668 -0.0690427 69.1093 -0.0364328 0.999333 -0.00259684 -4.28847 0.0689027 0.00510436 0.99761 194.471
0.996784 0.0385124 -0.07028 69.0425 -0.0387703 0.999245 -0.00230831 -4.29745 0.0701381 0.00502566 0.997525 195.262
0.996692 0.0378915 -0.0719006 68.9741 -0.0374493 0.99927 0.00748916 -4.29841 0.072132 -0.00477176 0.997384 196.103
