1 0 0 0 0 1 0 0 0 0 1 0
0.995783 -0.00267392 0.0916979 0.0726999 0.00344844 0.99996 -0.00828907 -0.0389291 -0.091672 0.00857033 0.995752 1.03595
0.990555 -0.00218709 0.137097 0.262072 0.00375616 0.99993 -0.0111874 -0.0708892 -0.137063 0.0115966 0.990494 2.95339
0.983017 -0.00459303 0.183455 0.44724 0.00675485 0.999915 -0.0111607 -0.098232 -0.183388 0.0122104 0.982965 3.94391
0.973397 -0.0054094 0.229061 0.675736 0.00846091 0.999888 -0.0123418 -0.126914 -0.228968 0.0139516 0.973334 4.91367
0.961897 -0.00823221 0.273288 0.94057 0.0128352 0.999804 -0.0150594 -0.157639 -0.27311 0.0179933 0.961814 5.86211
0.948612 -0.0102048 0.316276 1.25716 0.0163522 0.999725 -0.0167888 -0.187941 -0.316018 0.0210979 0.948519 6.80365
0.933141 -0.0101477 0.359367 1.61545 0.0176332 0.99969 -0.0175578 -0.219209 -0.359078 0.0227207 0.933031 7.74714
0.91552 -0.0106641 0.402132 2.00317 0.0187478 0.999693 -0.0161716 -0.251103 -0.401836 0.0223445 0.915439 8.59802
0.895439 -0.0102435 0.445067 2.44211 0.0190566 0.999701 -0.0153316 -0.282959 -0.444777 0.02221 0.895366 9.48606
0.873282 -0.0103072 0.487107 2.92403 0.0196538 0.999708 -0.0140813 -0.316021 -0.486819 0.0218705 0.873229 10.3608
0.849616 -0.0109865 0.527287 3.43706 0.0217728 0.999661 -0.0142536 -0.343729 -0.526952 0.0235906 0.849568 11.1643
0.824039 -0.0129605 0.566384 4.00053 0.0252444 0.999585 -0.013855 -0.375206 -0.56597 0.0257151 0.824025 11.9766
0.797005 -0.0118899 0.603855 4.6016 0.0259092 0.999559 -0.0145153 -0.403895 -0.603416 0.0272142 0.796962 12.7657
0.768268 -0.0154994 0.63994 5.18788 0.0311406 0.999428 -0.0131791 -0.432648 -0.63937 0.0300532 0.768312 13.4284
0.737792 -0.0145902 0.67487 5.85228 0.0313723 0.999427 -0.0126903 -0.459438 -0.674298 0.030535 0.737827 14.1496
0.705195 -0.0135509 0.708884 6.54112 0.032685 0.999376 -0.013411 -0.492119 -0.70826 0.0326273 0.705197 14.8345
0.671209 -0.0148819 0.741119 7.2062 0.0372939 0.99921 -0.0137116 -0.517458 -0.74033 0.0368426 0.671233 15.3975
0.63601 -0.0130407 0.771571 7.94479 0.0370636 0.999219 -0.0136635 -0.547269 -0.77079 0.0372873 0.635997 16.0078
0.599627 -0.0121992 0.800187 8.74506 0.0402533 0.999078 -0.0149328 -0.579318 -0.799267 0.0411643 0.599565 16.6069
0.562107 -0.0106969 0.826995 9.45667 0.0448727 0.998838 -0.0175802 -0.605691 -0.825846 0.0469915 0.561934 17.046
0.524439 -0.00978742 0.851392 10.287 0.0465252 0.998769 -0.0171768 -0.631366 -0.850176 0.0486193 0.524249 17.5519
0.486942 -0.0117925 0.873355 11.1436 0.0515686 0.998553 -0.0152693 -0.660768 -0.871911 0.052473 0.486845 18.0266
0.450939 -0.0125008 0.892467 11.9581 0.0557669 0.998343 -0.0141937 -0.682476 -0.890811 0.0561706 0.450889 18.401
0.416427 -0.0101215 0.909113 12.8474 0.0572539 0.998245 -0.0151118 -0.706835 -0.907365 0.0583432 0.416276 18.8048
0.383848 -0.0109794 0.923331 13.7737 0.0579238 0.998246 -0.0122099 -0.732468 -0.921578 0.0581696 0.383811 19.1773
0.350863 -0.0122765 0.936346 14.6469 0.0601365 0.998145 -0.00944731 -0.747221 -0.934494 0.0596233 0.35095 19.4864
0.318487 -0.0121895 0.947849 15.6019 0.0606801 0.998129 -0.00755306 -0.766907 -0.945983 0.0599211 0.318631 19.807
0.286808 -0.00914745 0.957944 16.5805 0.0580525 0.998283 -0.00784828 -0.787808 -0.956227 0.0578621 0.286847 20.0951
0.255672 -0.00719533 0.966737 17.5195 0.0579202 0.99829 -0.00788793 -0.799902 -0.965027 0.0580103 0.255652 20.3554
0.225552 -0.00712065 0.974205 18.521 0.059842 0.998186 -0.00655891 -0.817364 -0.972392 0.0597778 0.225569 20.5881
0.195132 -0.00745615 0.980749 19.5537 0.0615924 0.99809 -0.00466655 -0.835233 -0.978841 0.0613173 0.195218 20.7904
0.164786 -0.00779805 0.986299 20.5102 0.0600995 0.99819 -0.00214907 -0.843687 -0.984497 0.0596302 0.164956 20.9364
0.135561 -0.00808385 0.990736 21.564 0.0606355 0.99816 -0.000152232 -0.852163 -0.988912 0.0600944 0.135802 21.0798
0.108417 -0.00786265 0.994074 22.633 0.0635253 0.99798 0.000965281 -0.858727 -0.992074 0.0630443 0.108697 21.1964
0.0832708 -0.00759275 0.996498 23.7289 0.0675016 0.997717 0.00196137 -0.865486 -0.994238 0.0671019 0.0835933 21.2822
0.0603565 -0.00721791 0.998151 24.7777 0.0717585 0.997418 0.0028735 -0.869721 -0.995594 0.0714524 0.0607186 21.3432
0.040021 -0.00763064 0.99917 25.9016 0.0776974 0.996967 0.0045017 -0.877324 -0.996173 0.0774528 0.0404925 21.3803
0.0223424 -0.00819319 0.999717 27.0412 0.0823225 0.996586 0.00632772 -0.87422 -0.996355 0.0821578 0.0229406 21.4053
0.00680883 -0.00830537 0.999942 28.1838 0.0854393 0.996314 0.00769345 -0.877846 -0.99632 0.0853819 0.00749334 21.4091
-0.0075841 -0.00913225 0.99993 29.337 0.0879528 0.996077 0.00976416 -0.881118 -0.996096 0.0880207 -0.00675114 21.3996
-0.0209142 -0.0102134 0.999729 30.5092 0.0881783 0.996032 0.0120203 -0.883915 -0.995885 0.0884058 -0.0199306 21.38
-0.0333664 -0.00979464 0.999395 31.6651 0.0875445 0.99608 0.012685 -0.868022 -0.995602 0.0879148 -0.0323781 21.3488
-0.0444206 -0.00691463 0.998989 32.8526 0.0876701 0.996091 0.0107929 -0.861647 -0.995159 0.0880608 -0.0436407 21.2949
-0.0544887 -0.00347715 0.998508 34.0587 0.0883024 0.996059 0.00828729 -0.861407 -0.994602 0.0886222 -0.0539669 21.2311
-0.0639527 -0.000821753 0.997953 35.2238 0.0893018 0.995983 0.00654294 -0.850663 -0.993949 0.0895374 -0.0636225 21.136
-0.0714031 0.000321385 0.997447 36.4599 0.089106 0.996004 0.00605781 -0.843519 -0.993459 0.0893111 -0.0711464 21.0522
-0.0772226 0.000975533 0.997013 37.7265 0.0888899 0.996024 0.00591031 -0.846759 -0.993043 0.0890808 -0.0770023 20.9554
-0.0825451 0.00266038 0.996584 39.0032 0.0895349 0.995972 0.00475725 -0.836537 -0.992557 0.0896217 -0.0824509 20.8439
-0.0871196 0.00445809 0.996188 40.3083 0.0886287 0.996059 0.00329334 -0.834925 -0.992248 0.0885778 -0.0871714 20.7334
-0.0913402 0.0053173 0.995806 41.6193 0.0891137 0.996017 0.00285552 -0.836105 -0.991824 0.0890008 -0.0914503 20.6354
-0.0944354 0.0045183 0.995521 42.9278 0.0884279 0.996075 0.00386748 -0.826001 -0.991596 0.088397 -0.0944643 20.4888
-0.096773 0.00247006 0.995303 44.2846 0.0893242 0.995983 0.00621322 -0.82686 -0.99129 0.089506 -0.096605 20.3586
-0.0990602 0.00142491 0.99508 45.6792 0.0888811 0.996015 0.00742186 -0.816402 -0.991104 0.089179 -0.0987921 20.2294
-0.101385 0.00209182 0.994845 47.0493 0.0917511 0.995756 0.00725664 -0.822041 -0.990607 0.0920138 -0.101146 20.099
-0.102267 0.00185927 0.994755 48.4729 0.0916875 0.995759 0.00756492 -0.819641 -0.990522 0.0919802 -0.102004 19.946
-0.102696 0.00327945 0.994707 49.9637 0.0936217 0.995587 0.00638343 -0.804372 -0.990297 0.0937817 -0.10255 19.7814
-0.102762 0.00369235 0.994699 51.4049 0.0928024 0.995667 0.00589145 -0.802961 -0.990367 0.0929158 -0.10266 19.6242
-0.102367 0.00515734 0.994733 52.8754 0.0921509 0.995736 0.00432057 -0.800076 -0.990469 0.0921078 -0.102405 19.487
-0.101103 0.0049926 0.994863 54.3938 0.0927528 0.995679 0.00442928 -0.798201 -0.990543 0.0927242 -0.101129 19.3288
-0.100175 0.0037704 0.994963 56.0083 0.0913478 0.995804 0.00542353 -0.796723 -0.990768 0.091431 -0.100099 19.172
-0.0990111 0.00454262 0.995076 57.5469 0.0920686 0.995742 0.00461526 -0.790191 -0.990818 0.0920722 -0.0990077 19.0223
-0.0977603 0.00511343 0.995197 59.1594 0.0921037 0.995742 0.00393131 -0.799744 -0.990939 0.0920456 -0.097815 18.8502
-0.0968872 0.00601097 0.995277 60.6513 0.0930875 0.995653 0.00304855 -0.783678 -0.990933 0.0929433 -0.0970256 18.7044
-0.0958955 0.00587647 0.995374 62.2708 0.0932334 0.995639 0.00310418 -0.792448 -0.991015 0.0930998 -0.0960252 18.5577
-0.0950806 0.00412593 0.995461 63.9274 0.0950181 0.995463 0.00494963 -0.794624 -0.990924 0.0950574 -0.0950413 18.3988
-0.0945774 0.00219989 0.995515 65.577 0.0968506 0.995274 0.00700178 -0.790366 -0.990795 0.0970784 -0.0943435 18.2407
-0.0937985 0.00321632 0.995586 67.2394 0.0983519 0.995133 0.0060513 -0.790005 -0.990721 0.0984854 -0.0936583 18.0798
-0.093138 0.00509798 0.99564 68.9063 0.100165 0.994962 0.00427553 -0.782168 -0.990602 0.100127 -0.0931794 17.9303
-0.0926298 0.00469194 0.99569 70.5229 0.0986915 0.995108 0.00449214 -0.79239 -0.990798 0.0986822 -0.0926397 17.785
-0.0924652 0.00451276 0.995706 72.2375 0.0994995 0.995026 0.00473025 -0.80137 -0.990732 0.0995096 -0.0924544 17.6268
-0.0924475 0.00344802 0.995712 73.9926 0.0995131 0.995019 0.00579373 -0.803255 -0.990732 0.099622 -0.0923302 17.4743
-0.0921258 0.00387647 0.99574 75.7107 0.101097 0.994861 0.00548048 -0.794111 -0.990602 0.101172 -0.0920443 17.325
-0.0920553 0.00351745 0.995748 77.4486 0.102416 0.994724 0.0059544 -0.799425 -0.990473 0.102529 -0.0919299 17.1668
-0.0920457 0.00457988 0.995744 79.23 0.102889 0.994681 0.00493596 -0.804018 -0.990425 0.102905 -0.0920273 16.9917
-0.0931418 0.00535926 0.995638 80.9759 0.101663 0.99481 0.00415578 -0.789033 -0.990449 0.101607 -0.0932032 16.8515
-0.0938819 0.00618409 0.995564 82.7791 0.101025 0.994878 0.00334682 -0.790191 -0.990444 0.100891 -0.0940258 16.6668
-0.0949738 0.00676749 0.995457 84.6046 0.100158 0.994968 0.00279168 -0.791868 -0.990428 0.0999686 -0.0951736 16.4908
-0.0964182 0.00596458 0.995323 86.4488 0.0993537 0.995045 0.0036616 -0.81116 -0.99037 0.0992421 -0.096533 16.319
-0.097278 0.00587618 0.99524 88.2687 0.0995463 0.995025 0.00385507 -0.808653 -0.990266 0.0994475 -0.0973791 16.1436
-0.0974018 0.00474488 0.995234 90.1836 0.0976296 0.995211 0.00481007 -0.820439 -0.990445 0.0976328 -0.0973986 15.9373
-0.0997331 0.00567058 0.994998 92.0995 0.0961929 0.995355 0.00396922 -0.81527 -0.990354 0.0961076 -0.0998152 15.77
-0.102597 0.00655005 0.994701 93.9715 0.0951097 0.995461 0.00325486 -0.819237 -0.990166 0.0949397 -0.102754 15.5985
-0.1067 0.00746183 0.994263 95.9075 0.0956694 0.995409 0.00279638 -0.824866 -0.989678 0.0954189 -0.106924 15.3988
-0.111452 0.00629098 0.99375 97.8609 0.0933942 0.99562 0.00417162 -0.841398 -0.989371 0.0932754 -0.111552 15.1916
-0.116323 0.00584433 0.993194 99.7702 0.0917155 0.995773 0.00488225 -0.835733 -0.988968 0.0916593 -0.116368 14.9767
-0.121205 0.00652113 0.992606 101.706 0.0908034 0.995858 0.00454527 -0.851255 -0.988466 0.0906829 -0.121295 14.7654
-0.125775 0.00816757 0.992025 103.702 0.0916281 0.995787 0.00341859 -0.857398 -0.987818 0.0913274 -0.125993 14.4994
-0.130436 0.00992172 0.991407 105.641 0.0911465 0.995835 0.00202578 -0.857739 -0.987258 0.0906275 -0.130797 14.2489
-0.13536 0.0104537 0.990741 107.611 0.090043 0.995936 0.00179358 -0.862875 -0.986697 0.0894521 -0.135751 13.994
-0.140812 0.0100928 0.989985 109.424 0.0882235 0.996098 0.00239343 -0.875912 -0.986098 0.0876769 -0.141153 13.7538
-0.146329 0.00970227 0.989188 111.393 0.0862712 0.996267 0.00299029 -0.879244 -0.985467 0.0857761 -0.14662 13.4803
-0.151996 0.00915946 0.988339 113.4 0.0854333 0.996336 0.00390519 -0.890465 -0.984682 0.0850306 -0.152222 13.1806
-0.157455 0.00881652 0.987487 115.369 0.0861804 0.996268 0.00484658 -0.905028 -0.983759 0.0858651 -0.157627 12.887
-0.163075 0.010321 0.98656 117.377 0.0869444 0.996205 0.0039497 -0.915392 -0.982775 0.0864199 -0.163354 12.5635
-0.168777 0.0113513 0.985589 119.33 0.086174 0.996275 0.00328247 -0.92284 -0.98188 0.0854862 -0.169126 12.2403
-0.174623 0.0115831 0.984567 121.41 0.0865908 0.996237 0.00363743 -0.914582 -0.98082 0.0858897 -0.174969 11.8898
-0.180011 0.0114204 0.983598 123.428 0.0859669 0.996289 0.0041653 -0.932762 -0.979901 0.0853067 -0.180325 11.5241
-0.18543 0.0121649 0.982582 125.424 0.085344 0.996344 0.00377058 -0.942244 -0.978944 0.0845567 -0.185791 11.1656
-0.190645 0.0130677 0.981572 127.535 0.0843143 0.996434 0.0031103 -0.964376 -0.978031 0.0833535 -0.191067 10.7961
-0.194818 0.0120259 0.980766 129.582 0.0851075 0.996361 0.00468847 -0.970278 -0.97714 0.0843839 -0.195132 10.3884
-0.199125 0.0118925 0.979902 131.629 0.0876234 0.996137 0.00571634 -0.972069 -0.976049 0.0870006 -0.199398 9.98275
-0.202716 0.0123798 0.979159 133.89 0.0885444 0.996056 0.00573805 -0.974423 -0.975226 0.0878622 -0.203013 9.49971
-0.205834 0.0131418 0.978499 135.972 0.0890273 0.996015 0.00535053 -0.975965 -0.974529 0.0882145 -0.206184 9.06406
-0.209112 0.0129835 0.977806 138.04 0.0882472 0.996083 0.00564616 -0.985593 -0.973902 0.0874693 -0.209438 8.63036
-0.213246 0.0133778 0.976907 140.175 0.0864608 0.996242 0.00523077 -0.981005 -0.973165 0.0855796 -0.213602 8.19889
-0.217827 0.0140286 0.975886 142.324 0.0853551 0.996339 0.00472942 -0.991084 -0.972248 0.084327 -0.218227 7.7229
-0.221939 0.0140033 0.97496 144.363 0.0847296 0.996392 0.00497665 -0.979285 -0.971372 0.0837125 -0.222324 7.2497
-0.226321 0.0141315 0.97395 146.37 0.0845807 0.996403 0.00519704 -1.00467 -0.970374 0.0835536 -0.226702 6.79161
-0.230361 0.0147831 0.972993 148.469 0.0841932 0.996438 0.00479386 -1.00659 -0.969456 0.0830237 -0.230785 6.27943
-0.235254 0.0146764 0.971823 150.557 0.0832901 0.996512 0.00511317 -1.0138 -0.968359 0.0821461 -0.235656 5.8194
-0.239241 0.0138181 0.970862 152.62 0.0829003 0.996538 0.00624481 -1.02778 -0.967415 0.0819787 -0.239558 5.31567
-0.243266 0.0137959 0.969862 154.705 0.0834159 0.996492 0.00674806 -1.02701 -0.966366 0.0825434 -0.243563 4.80233
-0.247441 0.0143007 0.968797 156.815 0.0841747 0.996428 0.00679051 -1.04439 -0.96524 0.0832285 -0.247761 4.28228
-0.25153 0.0155143 0.967725 158.935 0.0847757 0.996382 0.00606111 -1.04422 -0.96413 0.0835642 -0.251935 3.73707
-0.254997 0.0173729 0.966786 161.063 0.0849949 0.996371 0.00451346 -1.04175 -0.963199 0.0833228 -0.255548 3.18039
-0.258498 0.0183667 0.965837 163.21 0.0857099 0.996312 0.00399333 -1.04745 -0.962202 0.0838141 -0.259119 2.62193
-0.261972 0.019446 0.964879 165.385 0.0866758 0.996231 0.00345529 -1.05386 -0.961175 0.0845369 -0.26267 2.0546
-0.265502 0.0193675 0.963916 167.532 0.0869176 0.996208 0.0039244 -1.06727 -0.960184 0.0848232 -0.266178 1.47422
-0.269443 0.0192858 0.962823 169.726 0.0865452 0.996239 0.00426431 -1.08294 -0.959119 0.0844767 -0.270099 0.860837
-0.273595 0.0198768 0.96164 172.23 0.0876987 0.996137 0.0043612 -1.09491 -0.957839 0.0855278 -0.274281 0.148181
-0.277029 0.0200391 0.960653 174.403 0.0894351 0.99598 0.00501483 -1.10012 -0.95669 0.0873053 -0.277707 -0.466737
-0.279403 0.0195442 0.959975 176.595 0.0899081 0.995933 0.00589179 -1.09966 -0.955955 0.0879557 -0.280024 -1.12579
-0.282061 0.0193948 0.9592 178.85 0.0908039 0.995847 0.00656596 -1.10548 -0.95509 0.0889512 -0.282651 -1.77237
-0.284934 0.0200145 0.958338 181.046 0.0899114 0.995932 0.00593292 -1.1116 -0.954321 0.087856 -0.285574 -2.40716
-0.287849 0.0220209 0.957423 183.264 0.0888282 0.99604 0.00379713 -1.10609 -0.953547 0.0861392 -0.288665 -3.0813
-0.290737 0.0240196 0.956501 185.334 0.0891214 0.996019 0.00207727 -1.11613 -0.952643 0.0858487 -0.29172 -3.71633
-0.294037 0.0250902 0.955465 187.555 0.0883126 0.996092 0.00102052 -1.1286 -0.951705 0.0846796 -0.295104 -4.37931
-0.297328 0.0259474 0.954423 189.805 0.086888 0.996218 -1.58125e-05 -1.14628 -0.950814 0.0829232 -0.298458 -5.07507
-0.300897 0.0261807 0.953297 192.175 0.0872207 0.996189 0.000171531 -1.14721 -0.94966 0.0831988 -0.302034 -5.79856
-0.304457 0.0251249 0.952195 194.418 0.0866566 0.996237 0.0014207 -1.16814 -0.948576 0.0829465 -0.305488 -6.51472
-0.308376 0.0244453 0.95095 196.633 0.0864278 0.996255 0.00241708 -1.18042 -0.94733 0.082934 -0.309334 -7.21361
-0.312246 0.0242335 0.949692 198.936 0.0870839 0.996196 0.00321181 -1.20702 -0.946002 0.0837058 -0.313168 -7.94594
-0.315875 0.0243434 0.948489 201.156 0.0859761 0.996292 0.00306231 -1.21365 -0.944898 0.0825146 -0.316797 -8.6802
-0.319768 0.0250306 0.947165 203.409 0.0849754 0.99638 0.00235699 -1.22003 -0.943678 0.0812395 -0.320737 -9.42072
-0.322653 0.0258042 0.946165 205.77 0.0855297 0.996334 0.00199421 -1.24571 -0.942645 0.0815687 -0.323678 -10.2162
-0.325529 0.026362 0.945165 207.979 0.0862685 0.99627 0.00192477 -1.26195 -0.941588 0.0821645 -0.326589 -10.9679
-0.328231 0.0258923 0.944243 210.226 0.0872365 0.996183 0.00300791 -1.28654 -0.940561 0.0833597 -0.329236 -11.7363
-0.330517 0.0255992 0.943453 212.569 0.0885906 0.99606 0.004009 -1.29439 -0.939633 0.0849061 -0.331483 -12.5923
-0.333195 0.026255 0.942492 214.819 0.0895271 0.995977 0.0039052 -1.30641 -0.938598 0.0856798 -0.334205 -13.3847
-0.335731 0.0271165 0.941567 217.079 0.0894071 0.99599 0.00319575 -1.31786 -0.937705 0.0852558 -0.336809 -14.1873
-0.338636 0.0271326 0.940526 219.358 0.0883483 0.996085 0.00307438 -1.3305 -0.93676 0.0841349 -0.339707 -14.9953
-0.341427 0.0283108 0.939482 221.606 0.0882143 0.996099 0.00204196 -1.35397 -0.935759 0.0835729 -0.342593 -15.8049
-0.344514 0.029482 0.938318 223.851 0.088189 0.996103 0.00108197 -1.38045 -0.93463 0.0831221 -0.345771 -16.6047
-0.346639 0.0297752 0.937526 226.182 0.0858993 0.996304 0.000118362 -1.37811 -0.934057 0.0805739 -0.347916 -17.4764
-0.349587 0.030736 0.9364 228.428 0.0867763 0.996228 -0.00030354 -1.40176 -0.932877 0.0811512 -0.350935 -18.3278
-0.352229 0.0302416 0.935425 230.719 0.0882583 0.996097 0.00103008 -1.42542 -0.931743 0.0829219 -0.353523 -19.1808
-0.35504 0.0290865 0.934399 233.097 0.0887806 0.996047 0.00272808 -1.46351 -0.930626 0.083925 -0.356219 -20.0416
-0.358046 0.0286306 0.933265 235.372 0.0877915 0.996134 0.00312178 -1.47853 -0.929567 0.0830504 -0.359175 -20.9094
-0.361325 0.0289513 0.93199 237.657 0.0864167 0.996256 0.0025554 -1.50051 -0.928427 0.0814628 -0.362474 -21.7719
-0.364912 0.0284617 0.930607 239.822 0.0844112 0.996428 0.00262477 -1.48888 -0.927208 0.0795114 -0.366011 -22.6384
-0.368341 0.0279451 0.92927 242.079 0.0835558 0.996498 0.00315282 -1.49923 -0.925928 0.0788073 -0.369387 -23.5342
-0.371733 0.0279715 0.927918 244.316 0.0829428 0.996549 0.00318733 -1.53093 -0.924627 0.078149 -0.37277 -24.4458
-0.376228 0.0279148 0.926106 246.575 0.0826681 0.996571 0.00354491 -1.55701 -0.922832 0.0778932 -0.377246 -25.289
-0.38003 0.0274596 0.924567 248.805 0.0819093 0.996631 0.00406769 -1.56829 -0.92134 0.0772764 -0.380999 -26.215
-0.383927 0.0271662 0.922964 251.068 0.0806845 0.996731 0.00422504 -1.5878 -0.919831 0.076091 -0.384864 -27.1523
-0.388043 0.0283642 0.921205 253.32 0.0810233 0.996706 0.00344082 -1.59051 -0.918073 0.0759743 -0.389063 -28.0705
-0.391283 0.0285256 0.919828 255.563 0.0813053 0.996682 0.0036773 -1.61474 -0.916672 0.0762258 -0.392305 -29.0487
-0.395256 0.0284641 0.91813 257.791 0.080549 0.996744 0.00377514 -1.61195 -0.915032 0.0754466 -0.396262 -29.9816
-0.399206 0.029038 0.916402 260.195 0.0796172 0.996821 0.00309683 -1.63376 -0.913398 0.0741976 -0.400248 -30.9997
-0.402555 0.0291074 0.914933 262.431 0.0800092 0.996788 0.00349116 -1.65385 -0.911893 0.0746084 -0.403591 -32.0197
-0.406059 0.0297055 0.913364 264.658 0.0806364 0.996738 0.00343191 -1.67073 -0.910282 0.0750439 -0.40713 -32.9932
-0.409716 0.0305136 0.911703 266.536 0.0818597 0.996638 0.00343122 -1.70168 -0.908533 0.0760375 -0.410836 -33.8134
-0.413178 0.0324945 0.91007 268.771 0.0838764 0.996473 0.00250093 -1.71012 -0.906779 0.0773667 -0.414446 -34.8106
-0.415523 0.0331402 0.908979 270.982 0.0848388 0.996392 0.00245532 -1.72068 -0.905618 0.0781369 -0.416835 -35.865
-0.418809 0.035476 0.907381 273.208 0.0870938 0.996199 0.00125027 -1.73104 -0.903888 0.0795509 -0.420307 -36.8704
-0.421007 0.0376017 0.906278 275.422 0.0885339 0.996073 -0.000199355 -1.74738 -0.902726 0.0801523 -0.422683 -37.9463
-0.423605 0.0386309 0.905023 277.605 0.0898743 0.995953 -0.000445655 -1.72777 -0.901378 0.0811495 -0.425363 -38.9875
-0.428164 0.03943 0.90284 280.08 0.0903459 0.99591 -0.000648899 -1.78424 -0.899174 0.0812901 -0.429975 -40.0072
-0.431497 0.0394461 0.901252 282.347 0.0896544 0.995973 -0.00066761 -1.80279 -0.897648 0.0805131 -0.433296 -41.0755
-0.435261 0.0406712 0.899385 284.65 0.090573 0.995889 -0.001202 -1.82132 -0.895737 0.0809369 -0.437156 -42.1519
-0.438526 0.0409185 0.897787 287.025 0.0894482 0.99599 -0.00170316 -1.83676 -0.894256 0.0795585 -0.440428 -43.3
-0.441663 0.0406129 0.896261 289.303 0.0878565 0.996131 -0.00184412 -1.86195 -0.892869 0.0779279 -0.443522 -44.3882
-0.444415 0.0411409 0.894876 291.572 0.089402 0.995995 -0.00139081 -1.88524 -0.891349 0.0793856 -0.446313 -45.5067
-0.445697 0.0406018 0.894262 293.602 0.0903292 0.995912 -0.000197186 -1.89678 -0.890615 0.0806901 -0.447543 -46.6165
-0.448268 0.0404425 0.892984 295.853 0.0910257 0.995848 0.000592683 -1.91814 -0.889253 0.0815501 -0.450088 -47.692
-0.450051 0.040122 0.892101 298.157 0.0906569 0.995882 0.000945425 -1.92142 -0.888389 0.0813006 -0.451835 -48.8744
-0.453254 0.0397649 0.890494 300.41 0.0905821 0.995888 0.00163424 -1.93731 -0.886767 0.0814036 -0.454992 -49.9391
-0.455496 0.0399052 0.889343 302.714 0.0923708 0.995721 0.00263124 -1.95601 -0.885432 0.0833478 -0.457233 -51.1119
-0.45787 0.0393982 0.888146 305.002 0.0918882 0.995764 0.00319947 -1.96893 -0.884258 0.083075 -0.459551 -52.2919
-0.460186 0.0405014 0.886898 307.311 0.0917918 0.995776 0.00215467 -1.97118 -0.883064 0.0824015 -0.46196 -53.4276
-0.462731 0.0426966 0.88547 309.628 0.0910937 0.995842 -0.00041473 -1.99184 -0.881806 0.0804688 -0.464696 -54.6107
-0.466707 0.0422846 0.8834 311.981 0.0900301 0.995939 -0.000107777 -2.01251 -0.879818 0.0794823 -0.468619 -55.774
-0.470279 0.0405329 0.881587 314.553 0.0869826 0.99621 0.000597574 -1.98647 -0.878221 0.0769637 -0.472022 -57.2392
-0.475874 0.0380545 0.87869 316.891 0.0846897 0.996404 0.00271303 -2.01 -0.875427 0.0757071 -0.477385 -58.441
-0.480752 0.0362599 0.876107 319.271 0.0835581 0.996492 0.00460906 -2.03614 -0.872866 0.0754217 -0.482095 -59.7264
-0.485031 0.0352049 0.873788 321.639 0.0797902 0.996803 0.00412949 -2.00699 -0.870849 0.0717226 -0.486289 -61.1858
-0.489532 0.036496 0.871221 324.015 0.081288 0.996683 0.00392344 -1.98389 -0.868188 0.0727405 -0.490875 -62.4872
-0.493921 0.0372383 0.868709 326.353 0.0827724 0.996559 0.00434317 -2.01948 -0.865558 0.0740503 -0.495304 -63.7599
-0.497124 0.0360762 0.866929 328.736 0.0801767 0.996771 0.00449636 -2.00614 -0.863967 0.0717427 -0.498411 -65.2269
-0.501029 0.0342618 0.864752 331.109 0.0803077 0.996745 0.00703808 -2.0415 -0.861696 0.0729726 -0.50215 -66.6124
-0.505179 0.0324569 0.862404 333.433 0.0789793 0.996838 0.00874813 -2.05952 -0.859393 0.0725315 -0.506145 -67.9577
-0.50865 0.0323499 0.860365 335.737 0.0770453 0.996995 0.00806217 -2.02009 -0.857519 0.0703879 -0.509614 -69.3084
-0.512942 0.0321442 0.857821 338.08 0.0767739 0.997012 0.00854769 -2.01643 -0.854983 0.0702428 -0.513877 -70.6975
-0.517173 0.0321455 0.855277 340.374 0.0784425 0.996869 0.00996577 -2.04138 -0.852279 0.0722441 -0.518075 -72.0505
-0.52165 0.0309693 0.852597 342.579 0.0771416 0.99696 0.010985 -2.03477 -0.849665 0.0715011 -0.522453 -73.3662
-0.525627 0.029655 0.850198 344.888 0.0753667 0.997086 0.0118163 -2.0453 -0.84737 0.0702876 -0.52633 -74.7588
-0.528909 0.0286544 0.848195 347.272 0.075052 0.997093 0.0131156 -2.044 -0.845354 0.0705957 -0.529522 -76.2346
-0.531846 0.0250988 0.846469 349.225 0.0682979 0.997576 0.013333 -2.06422 -0.844083 0.0649032 -0.532271 -77.5709
-0.534466 0.024225 0.844843 351.516 0.0654194 0.997776 0.0127755 -2.05284 -0.842655 0.0620972 -0.534862 -79.0284
-0.53767 0.0230644 0.84284 353.869 0.0611164 0.998062 0.0116757 -2.04313 -0.840937 0.057789 -0.538038 -80.5034
-0.539501 0.0190346 0.84177 354.212 0.0491235 0.998753 0.0088994 -2.09215 -0.840551 0.0461519 -0.539763 -81.0395
-0.542583 0.0161811 0.839846 356.479 0.0462439 0.998874 0.0106308 -2.10503 -0.838728 0.0446059 -0.54272 -82.4976
-0.545562 0.0152225 0.837932 358.781 0.0461533 0.998863 0.0119035 -2.10275 -0.836799 0.0451674 -0.545645 -83.9778
-0.549968 0.012647 0.83509 360.515 0.0415462 0.999062 0.012231 -2.18155 -0.834152 0.0414215 -0.549977 -85.1394
-0.553462 0.0119184 0.832789 362.772 0.0400423 0.999122 0.0123127 -2.16643 -0.831912 0.0401615 -0.553453 -86.5725
-0.556926 0.00761194 0.830527 364.97 0.0367729 0.999203 0.0155009 -2.16847 -0.829747 0.0391737 -0.556763 -88.0254
-0.559585 0.00484153 0.828759 367.095 0.0335342 0.999296 0.0168048 -2.18551 -0.828094 0.0371955 -0.559354 -89.4732
-0.562861 0.00342981 0.826545 369.342 0.0312682 0.999364 0.0171461 -2.18347 -0.82596 0.0354954 -0.56261 -90.9778
-0.566529 0.00433676 0.82403 371.625 0.0321079 0.999343 0.0168151 -2.16289 -0.823416 0.0359841 -0.566296 -92.4015
-0.568357 0.00379056 0.822773 375.057 0.0320669 0.999332 0.0175472 -2.12205 -0.822157 0.0363569 -0.568099 -94.7408
-0.571508 0.00306213 0.820591 377.374 0.0318293 0.999323 0.0184387 -2.12105 -0.819979 0.0366567 -0.571218 -96.2678
-0.574168 0.00192909 0.818735 379.609 0.0287244 0.999429 0.0177892 -2.07723 -0.818234 0.0337317 -0.573895 -97.8403
-0.577299 -0.00183019 0.816531 381.788 0.0178501 0.99973 0.0148611 -2.08279 -0.816338 0.0231544 -0.577111 -99.3833
-0.580568 0.00138301 0.814211 383.92 0.0104867 0.999928 0.00577898 -2.08062 -0.814144 0.0118934 -0.580541 -100.828
-0.583401 0.0118019 0.812098 386.082 0.0211207 0.999777 0.000643487 -2.09513 -0.811909 0.0175275 -0.58352 -102.309
-0.583448 0.012214 0.812059 388.449 0.0281128 0.999591 0.00516382 -2.07129 -0.811664 0.0258421 -0.583553 -104.12
-0.585656 0.00290091 0.810555 390.789 0.0272793 0.999498 0.0161332 -2.06838 -0.810101 0.0315599 -0.585441 -105.831
-0.588713 -0.00763837 0.808306 393.026 0.021387 0.999458 0.0250215 -2.06063 -0.808059 0.0320177 -0.588231 -107.394
-0.592271 -0.0136646 0.805623 395.507 0.0152601 0.999487 0.0281716 -2.01198 -0.805594 0.0289791 -0.591759 -109.27
-0.595059 -0.0140907 0.803558 397.722 0.0140735 0.99951 0.0279487 -1.98403 -0.803559 0.02794 -0.59457 -110.881
-0.59765 -0.00906307 0.801706 399.91 0.0194098 0.999479 0.0257684 -1.93352 -0.801522 0.0309614 -0.597163 -112.536
-0.59962 -0.00230389 0.800282 402.597 0.0240078 0.999494 0.0208655 -1.85255 -0.799925 0.0317243 -0.599261 -114.522
-0.601972 0.000373127 0.798517 404.785 0.0247802 0.999527 0.0182138 -1.81014 -0.798133 0.0307516 -0.601696 -116.196
-0.605959 0.000665023 0.795495 407.239 0.0249043 0.999525 0.018135 -1.76538 -0.795106 0.0308003 -0.605688 -117.818
-0.608631 -0.000355082 0.793453 409.723 0.0256685 0.999468 0.0201367 -1.79572 -0.793038 0.0326226 -0.608298 -119.881
-0.611188 -0.000985003 0.791485 411.976 0.0262016 0.999426 0.0214768 -1.77103 -0.791052 0.0338645 -0.610811 -121.605
-0.613196 -0.000808226 0.78993 414.288 0.0269301 0.999397 0.0219275 -1.76609 -0.789471 0.0347188 -0.612805 -123.365
-0.615478 -0.000728812 0.788154 416.05 0.0268184 0.999401 0.0218669 -1.71509 -0.787698 0.0345956 -0.61509 -124.666
-0.616855 -5.31626e-05 0.787076 418.249 0.0277665 0.999376 0.021829 -1.7047 -0.786587 0.0353197 -0.616469 -126.353
-0.618107 -0.00058515 0.786094 420.431 0.029176 0.999294 0.023685 -1.64978 -0.785553 0.0375749 -0.617653 -128.071
-0.618841 -0.00139269 0.785515 422.49 0.0309934 0.999176 0.0261886 -1.67118 -0.784904 0.0405524 -0.618288 -129.533
-0.620168 -0.00189488 0.784466 424.728 0.0325984 0.999071 0.0281842 -1.61629 -0.783791 0.0430513 -0.61953 -131.257
-0.621394 -0.00157125 0.783496 426.911 0.031263 0.999152 0.0267986 -1.5697 -0.782874 0.0411469 -0.620818 -132.978
-0.622661 -0.0012755 0.78249 428.659 0.0272537 0.999357 0.0233159 -1.5651 -0.782017 0.0358436 -0.622226 -134.418
-0.624042 -0.00180969 0.781389 430.887 0.0242773 0.99947 0.0217034 -1.53902 -0.781013 0.0325139 -0.623667 -136.143
-0.62525 -0.00243103 0.780421 433.04 0.0238726 0.999468 0.0222394 -1.52409 -0.78006 0.0325358 -0.624859 -137.855
-0.626446 -0.00345143 0.779457 435.099 0.0218586 0.999519 0.0219936 -1.48568 -0.779158 0.0308156 -0.62607 -139.462
-0.627516 -0.00440423 0.778591 437.22 0.0190481 0.999598 0.0210065 -1.46521 -0.77837 0.0280126 -0.62718 -141.152
-0.62855 -0.0050552 0.777753 439.353 0.0177905 0.999624 0.0208749 -1.43785 -0.777566 0.0269576 -0.628224 -142.853
-0.629008 -0.00669013 0.77737 440.998 0.0185624 0.999549 0.023622 -1.43467 -0.777177 0.0292883 -0.6286 -144.175
-0.628814 -0.00794761 0.777515 443.101 0.0211917 0.999401 0.0273544 -1.40549 -0.777267 0.0336777 -0.628269 -145.875
-0.628144 -0.00935575 0.778041 445.199 0.0258538 0.999125 0.0328871 -1.34845 -0.777668 0.0407731 -0.627352 -147.532
-0.626933 -0.0104809 0.779003 447.304 0.0294016 0.998879 0.0371014 -1.26693 -0.778518 0.046164 -0.625922 -149.269
-0.625257 -0.0130078 0.780311 449.437 0.0232094 0.999109 0.0352526 -1.22076 -0.780074 0.0401524 -0.624397 -150.959
-0.624393 -0.0134224 0.780995 451.553 0.015635 0.999437 0.0296765 -1.161 -0.780954 0.0307406 -0.623831 -152.628
-0.623122 -0.0154519 0.781972 453.536 0.0112603 0.999524 0.0287236 -1.12688 -0.782044 0.0267035 -0.622651 -154.247
-0.620579 -0.0154943 0.783991 455.727 0.00952363 0.999582 0.0272937 -1.08036 -0.784086 0.0244043 -0.620172 -155.937
-0.617847 -0.0148541 0.786158 457.905 0.0116546 0.999539 0.0280453 -1.02991 -0.786212 0.02649 -0.617389 -157.614
-0.61389 -0.0146992 0.789254 460.069 0.0123207 0.999526 0.0281985 -0.968141 -0.789295 0.0270349 -0.613419 -159.347
-0.611693 -0.0137416 0.790976 462.205 0.00993976 0.999637 0.0250535 -0.93957 -0.791032 0.0231871 -0.611335 -160.951
-0.61007 -0.0185916 0.79213 464.357 0.00298347 0.999664 0.0257603 -0.886382 -0.792342 0.0180789 -0.609809 -162.559
-0.608903 -0.0243285 0.792872 466.587 -0.0054858 0.999635 0.0264599 -0.832597 -0.793226 0.011762 -0.608814 -164.254
-0.60832 -0.0275793 0.793213 468.737 -0.0128685 0.999607 0.0248866 -0.799258 -0.793588 0.00493156 -0.608436 -165.894
-0.607499 -0.0272601 0.793852 470.83 -0.0136135 0.999621 0.0239083 -0.711164 -0.794204 0.00371714 -0.60764 -167.452
-0.608418 -0.0281445 0.793118 472.676 -0.0121509 0.999584 0.0261499 -0.763409 -0.793524 0.00627296 -0.608507 -168.854
-0.607084 -0.0290037 0.794108 474.786 -0.0102666 0.999537 0.028658 -0.730242 -0.794571 0.00924499 -0.607101 -170.452
-0.60573 -0.0309379 0.795068 476.865 -0.0116078 0.999481 0.0300486 -0.614871 -0.795585 0.00897233 -0.605775 -172.078
-0.604397 -0.0316251 0.796055 478.881 -0.0144137 0.999482 0.0287632 -0.645555 -0.796553 0.00591026 -0.60454 -173.558
-0.603516 -0.0302927 0.796775 480.978 -0.0149565 0.999532 0.0266726 -0.591691 -0.79721 0.0041804 -0.603687 -175.168
-0.602508 -0.0288837 0.79759 483.135 -0.0140378 0.999574 0.0255939 -0.552511 -0.797989 0.00422411 -0.602657 -176.802
-0.601033 -0.0285195 0.798715 484.992 -0.0124533 0.999576 0.0263205 -0.53736 -0.799127 0.00587292 -0.601134 -178.249
-0.599832 -0.0287219 0.799611 487.166 -0.0107827 0.999555 0.0278151 -0.492625 -0.800054 0.0080624 -0.599874 -179.85
-0.598969 -0.0286832 0.800258 489.379 -0.0105373 0.999554 0.0279396 -0.434399 -0.800703 0.00830238 -0.599004 -181.454
-0.596698 -0.0294331 0.801926 491.847 -0.0114369 0.999538 0.0281761 -0.363016 -0.802385 0.00764106 -0.596759 -183.306
-0.595824 -0.0304907 0.802536 494.051 -0.0115482 0.999501 0.0294003 -0.30064 -0.803032 0.00824951 -0.595878 -184.93
-0.594915 -0.0313332 0.803178 496.137 -0.0119463 0.999474 0.0301424 -0.254142 -0.8037 0.00833711 -0.594976 -186.621
-0.594706 -0.0303638 0.80337 498.054 -0.0122802 0.999513 0.0286865 -0.235599 -0.80385 0.00719452 -0.594789 -187.933
-0.594243 -0.0293705 0.803749 500.236 -0.0122079 0.999547 0.0274996 -0.201826 -0.804193 0.00652931 -0.594332 -189.584
-0.593755 -0.0295921 0.804102 502.439 -0.011694 0.999535 0.0281494 -0.11844 -0.804561 0.0073107 -0.593825 -191.118
-0.592573 -0.0311188 0.804916 504.737 -0.0125785 0.999489 0.029381 -0.0584833 -0.805419 0.00728573 -0.592661 -192.744
-0.592049 -0.0323811 0.805251 506.861 -0.0138641 0.999454 0.0299971 -0.052152 -0.805783 0.00659566 -0.592175 -194.417
-0.592167 -0.032851 0.805146 509.037 -0.0143797 0.99944 0.0302025 0.00693044 -0.805687 0.00630719 -0.592308 -196.03
-0.593491 -0.0323928 0.804188 510.912 -0.0140787 0.999455 0.029868 0.0481541 -0.804717 0.0064045 -0.593624 -197.39
-0.593635 -0.031699 0.80411 513.09 -0.0133053 0.999474 0.0295778 0.112571 -0.804625 0.00685946 -0.593744 -199.006
-0.593799 -0.0332559 0.803926 515.26 -0.013798 0.999419 0.0311513 0.171315 -0.804495 0.00740505 -0.593913 -200.595
-0.59444 -0.0348256 0.803386 517.671 -0.0145486 0.999364 0.0325562 0.23709 -0.804008 0.00766453 -0.594568 -202.306
-0.594832 -0.035175 0.80308 519.868 -0.0151314 0.999355 0.0325643 0.315274 -0.803708 0.00721853 -0.594981 -203.906
-0.594827 -0.0355173 0.803069 522 -0.0160154 0.999349 0.0323357 0.377593 -0.803694 0.0063727 -0.595009 -205.438
-0.595415 -0.0346236 0.802672 523.936 -0.0156302 0.999381 0.0315144 0.397661 -0.803267 0.00621823 -0.595587 -206.838
-0.595349 -0.0341506 0.802741 526.088 -0.0147175 0.999392 0.0316014 0.445074 -0.803332 0.00699952 -0.59549 -208.403
-0.595219 -0.0344891 0.802823 528.224 -0.0148395 0.99938 0.031931 0.488178 -0.803426 0.00709251 -0.595362 -209.97
-0.593845 -0.0340997 0.803857 530.562 -0.0149923 0.999397 0.0313191 0.575282 -0.80444 0.00654707 -0.593998 -211.528
-0.593693 -0.034123 0.803968 532.681 -0.0157643 0.999402 0.0307767 0.613217 -0.804537 0.00559792 -0.593876 -213.123
-0.593497 -0.0347794 0.804084 534.835 -0.0158443 0.999377 0.0315318 0.665883 -0.80468 0.0059739 -0.593679 -214.701
-0.5938 -0.0357456 0.803818 536.069 -0.0157439 0.999338 0.0328099 0.69298 -0.804459 0.00682732 -0.593969 -215.63
-0.593351 -0.0369824 0.804094 538.199 -0.0159446 0.999288 0.0341942 0.769844 -0.804786 0.00746824 -0.593518 -217.268
-0.593004 -0.0361437 0.804388 540.32 -0.0155612 0.99932 0.0334307 0.830239 -0.805049 0.00730727 -0.593163 -218.872
-0.594031 -0.0352954 0.803667 542.477 -0.0145479 0.999345 0.033136 0.886279 -0.804311 0.00799218 -0.594155 -220.316
-0.593866 -0.0355315 0.803779 544.58 -0.0140855 0.99933 0.033769 0.942575 -0.804441 0.00873262 -0.593969 -221.833
-0.593898 -0.0363696 0.803718 546.725 -0.014755 0.999302 0.034317 1.03739 -0.804405 0.00852194 -0.59402 -223.363
-0.59442 -0.0370148 0.803302 547.772 -0.0155108 0.999282 0.0345677 1.00653 -0.804005 0.00808787 -0.594568 -224.164
-0.594493 -0.0366926 0.803263 549.846 -0.0155723 0.999296 0.0341223 1.04895 -0.80395 0.00777675 -0.594646 -225.734
-0.594621 -0.0378142 0.803116 551.96 -0.015988 0.999252 0.0352118 1.12611 -0.803847 0.00809744 -0.594781 -227.306
-0.594821 -0.0394808 0.802888 553.968 -0.0162302 0.999179 0.037109 1.18518 -0.803694 0.00904214 -0.594974 -228.684
-0.595127 -0.0407855 0.802596 556.038 -0.0174257 0.999131 0.0378516 1.23692 -0.803443 0.00854066 -0.595321 -230.223
-0.595394 -0.0392819 0.802473 558.099 -0.0178713 0.999204 0.0356526 1.31934 -0.803235 0.00688608 -0.595623 -231.723
-0.595552 -0.0371331 0.802458 561.751 -0.0181134 0.999298 0.0327987 1.41112 -0.803113 0.00499808 -0.595806 -234.306
-0.595567 -0.0365935 0.802471 563.918 -0.0176576 0.999317 0.032465 1.44756 -0.803111 0.00516533 -0.595807 -235.918
-0.595689 -0.0386429 0.802285 566.078 -0.0173002 0.999228 0.0352835 1.51193 -0.803029 0.00713829 -0.595898 -237.477
-0.594618 -0.0394283 0.803041 568.703 -0.0161234 0.999181 0.0371198 1.5635 -0.803846 0.0091244 -0.594767 -239.481
-0.594706 -0.0389039 0.803001 570.858 -0.0155435 0.999198 0.0368976 1.63807 -0.803793 0.00946177 -0.594834 -241.043
-0.594661 -0.0378944 0.803083 573.005 -0.0150446 0.999238 0.0360102 1.70919 -0.803836 0.0093318 -0.594778 -242.662
-0.594293 -0.0371733 0.803389 575.123 -0.0145672 0.999265 0.0354607 1.76853 -0.804117 0.00937093 -0.594398 -244.052
-0.59435 -0.0371393 0.803348 577.276 -0.0137354 0.999256 0.0360343 1.85382 -0.804089 0.0103827 -0.594418 -245.592
-0.594234 -0.0378137 0.803403 579.445 -0.0130174 0.999216 0.0374017 1.90935 -0.804187 0.0117672 -0.59426 -247.179
-0.593664 -0.0386713 0.803783 581.391 -0.0130828 0.999176 0.0384092 1.96812 -0.804607 0.0122864 -0.593681 -248.78
-0.593619 -0.0383901 0.80383 583.555 -0.01312 0.99919 0.0380314 2.05891 -0.804639 0.0120299 -0.593643 -250.316
-0.593242 -0.0381679 0.804119 585.716 -0.0122843 0.999188 0.0383642 2.12777 -0.804931 0.0128812 -0.593229 -251.901
-0.59278 -0.0388317 0.804427 588.297 -0.011595 0.999145 0.0396869 2.17085 -0.805281 0.0141982 -0.592724 -253.728
-0.592474 -0.0403458 0.804578 590.502 -0.0134044 0.999101 0.0402295 2.26882 -0.805478 0.01305 -0.592482 -255.286
-0.592261 -0.0415487 0.804674 592.637 -0.0145107 0.999058 0.0409052 2.37551 -0.805616 0.0125502 -0.592306 -256.791
-0.592089 -0.0411733 0.80482 595.087 -0.015231 0.999087 0.0399065 2.40561 -0.805728 0.01137 -0.592176 -258.523
-0.591565 -0.0395274 0.805288 597.279 -0.0135175 0.999143 0.0391128 2.48681 -0.806144 0.0122523 -0.591592 -260.133
-0.590732 -0.038341 0.805956 599.448 -0.0119285 0.999176 0.0387898 2.58194 -0.806779 0.0133005 -0.590703 -261.688
-0.588887 -0.0389822 0.807275 601.649 -0.0117898 0.999144 0.039647 2.61583 -0.808129 0.01383 -0.588843 -263.429
-0.588248 -0.0400709 0.807687 603.838 -0.0116768 0.999088 0.0410624 2.66745 -0.808596 0.0147237 -0.588179 -265.02
-0.587647 -0.0391643 0.808169 606.028 -0.0115228 0.999132 0.0400399 2.75099 -0.809036 0.014217 -0.587588 -266.602
-0.587179 -0.0393938 0.808498 608.355 -0.0124011 0.999136 0.0396761 2.84399 -0.809362 0.0132707 -0.58716 -268.403
-0.586699 -0.0394328 0.808845 610.531 -0.0127076 0.999139 0.0394925 2.92262 -0.809706 0.0128917 -0.586695 -269.949
-0.585992 -0.0403517 0.809312 612.733 -0.0134431 0.999106 0.0400811 3.00958 -0.810205 0.0126076 -0.586011 -271.504
-0.586724 -0.0409942 0.808749 614.756 -0.0143343 0.999087 0.040243 3.06966 -0.80966 0.0120187 -0.586776 -272.961
-0.586521 -0.0420213 0.808843 616.903 -0.0155387 0.999053 0.0406355 3.14048 -0.809785 0.0112652 -0.586618 -274.479
-0.586101 -0.0426098 0.809117 619.091 -0.0170818 0.999044 0.0402382 3.237 -0.810058 0.00976249 -0.586269 -276.045
-0.586268 -0.041973 0.809029 621.241 -0.0176312 0.999081 0.0390564 3.2926 -0.809925 0.00863335 -0.58647 -277.563
-0.586511 -0.0418917 0.808857 623.479 -0.0167293 0.999075 0.0396127 3.37389 -0.809768 0.00970165 -0.58667 -279.127
-0.586554 -0.0432893 0.808753 625.617 -0.0167661 0.999006 0.041313 3.40386 -0.809737 0.0106726 -0.586696 -280.698
-0.587271 -0.0445334 0.808164 627.8 -0.0179612 0.998956 0.041995 3.56689 -0.809191 0.0101469 -0.587458 -282.367
-0.587462 -0.043956 0.808057 629.946 -0.0186973 0.998994 0.0407493 3.62359 -0.809036 0.00883015 -0.587693 -283.945
-0.587717 -0.0419277 0.80798 632.148 -0.0180726 0.999087 0.0386988 3.71178 -0.808865 0.00814167 -0.587938 -285.535
-0.587357 -0.0404946 0.808314 634.486 -0.0175654 0.99915 0.0372912 3.77048 -0.809137 0.00770486 -0.587569 -287.139
-0.587239 -0.0404085 0.808404 636.674 -0.0170569 0.999149 0.0375525 3.83567 -0.809234 0.00826339 -0.587428 -288.721
-0.587465 -0.0413753 0.808191 638.84 -0.0171031 0.999104 0.038717 3.91877 -0.809069 0.00892237 -0.587646 -290.266
-0.587069 -0.0418634 0.808454 640.943 -0.0162205 0.99907 0.0399552 3.95746 -0.809374 0.0103429 -0.587202 -291.825
-0.586935 -0.0423914 0.808523 643.084 -0.0164127 0.999046 0.0404662 4.03878 -0.809467 0.010481 -0.587071 -293.366
-0.586769 -0.0419807 0.808666 645.252 -0.0164915 0.999068 0.0398989 4.10855 -0.809587 0.0100753 -0.586914 -294.924
-0.585854 -0.0413952 0.809359 647.529 -0.0167895 0.9991 0.0389466 4.22034 -0.810243 0.00922823 -0.586022 -296.5
-0.585686 -0.0414765 0.809476 649.719 -0.0161657 0.999089 0.0394955 4.2593 -0.810377 0.0100462 -0.585823 -298.11
-0.58532 -0.0418364 0.809722 651.87 -0.0159391 0.999069 0.0400977 4.32356 -0.810646 0.0105637 -0.585442 -299.686
-0.584289 -0.0425956 0.810427 654.136 -0.0165609 0.999039 0.0405691 4.40124 -0.811377 0.0102827 -0.584433 -301.238
-0.583961 -0.0429842 0.810643 656.308 -0.0175457 0.999032 0.0403341 4.50951 -0.811592 0.0093302 -0.58415 -302.736
-0.583536 -0.0418584 0.811008 658.498 -0.0173982 0.999086 0.0390473 4.565 -0.811901 0.00867538 -0.583731 -304.381
-0.583692 -0.0423153 0.810872 660.74 -0.0174771 0.999065 0.0395556 4.65556 -0.811787 0.00891657 -0.583885 -305.925
-0.583057 -0.0425842 0.811314 662.96 -0.0166904 0.999042 0.040443 4.70974 -0.81226 0.0100394 -0.583209 -307.649
-0.582389 -0.0428513 0.81178 665.17 -0.0165943 0.999028 0.0408305 4.77268 -0.812741 0.0103083 -0.582534 -309.335
-0.582519 -0.0417953 0.811742 667.22 -0.0168709 0.999084 0.0393344 4.88481 -0.812642 0.00921823 -0.58269 -310.635
-0.582146 -0.0402036 0.812089 669.383 -0.0157548 0.999147 0.0381703 4.92613 -0.812931 0.00942639 -0.582283 -312.149
-0.581707 -0.040083 0.81241 671.539 -0.0149805 0.999144 0.0385697 4.99936 -0.813261 0.0102659 -0.581809 -313.729
-0.581177 -0.0409532 0.812746 673.691 -0.014473 0.999095 0.0399938 5.05231 -0.813649 0.0114807 -0.581244 -315.19
