1 0 0 0 0 1 0 0 0 0 1 0
0.999965 -0.000851274 -0.00833756 -0.0149964 0.000854221 1 0.000349903 -0.0263416 0.00833726 -0.000357013 0.999965 1.03625
0.999901 0.00332256 -0.0136521 0.00466807 -0.00340456 0.999976 -0.0059872 0.0161316 0.0136319 0.00603309 0.999889 1.55469
0.99981 0.00292984 -0.0192536 -0.00130823 -0.00305919 0.999973 -0.00669229 0.0102265 0.0192335 0.00674992 0.999792 2.07513
0.999684 0.00195634 -0.0250476 0.00206322 -0.00212388 0.999976 -0.00666387 -0.00846423 0.025034 0.00671497 0.999664 2.59567
0.999624 0.00556181 -0.0268625 -0.101365 -0.00572505 0.999966 -0.00600346 -0.0275706 0.0268282 0.00615499 0.999621 4.41684
0.999496 0.00608905 -0.0311396 -0.131849 -0.00623062 0.999971 -0.00445126 -0.0346788 0.0311116 0.00464304 0.999505 5.20684
0.999355 0.00505577 -0.0355423 -0.164215 -0.00512313 0.999985 -0.00180454 -0.0421781 0.0355326 0.00198547 0.999367 6.0141
0.99922 0.00457886 -0.0392349 -0.196837 -0.00455055 0.999989 0.000811006 -0.0506568 0.0392382 -0.000631833 0.99923 6.85099
0.99911 0.00598425 -0.0417435 -0.239984 -0.00598089 0.999982 0.00020521 -0.059736 0.041744 4.46359e-05 0.999128 7.67105
0.999018 0.00540421 -0.0439755 -0.279659 -0.00540796 0.999985 3.37817e-05 -0.0650502 0.043975 0.000204069 0.999033 8.49939
0.998947 0.00294663 -0.0457762 -0.319954 -0.00297518 0.999995 -0.000555496 -0.0703466 0.0457743 0.000691104 0.998952 9.36868
0.99886 0.00277651 -0.0476635 -0.362637 -0.00276953 0.999996 0.00021253 -0.0758367 0.0476639 -8.02819e-05 0.998863 10.2149
0.998789 0.00119529 -0.0491937 -0.403899 -0.00119367 0.999999 6.22665e-05 -0.0858844 0.0491937 -3.46987e-06 0.998789 11.0711
0.998678 0.0036762 -0.0512665 -0.453806 -0.00379346 0.99999 -0.00219011 -0.0977659 0.051258 0.00238169 0.998683 11.9408
0.99861 0.00427561 -0.0525308 -0.507859 -0.00453379 0.999978 -0.00479666 -0.105784 0.0525092 0.00502815 0.998608 12.8155
0.998489 0.00792831 -0.0543695 -0.562364 -0.0082829 0.999946 -0.00629964 -0.118242 0.0543166 0.00674046 0.998501 13.6925
0.99843 0.0087175 -0.0553282 -0.615517 -0.00905112 0.999942 -0.00578212 -0.129838 0.0552746 0.00627382 0.998451 14.563
0.998364 0.00797063 -0.0566151 -0.671065 -0.00822661 0.999957 -0.00428966 -0.145053 0.0565785 0.00474839 0.998387 15.4621
0.99828 0.0084881 -0.0580072 -0.730064 -0.00866288 0.999959 -0.00276227 -0.15583 0.0579814 0.00326003 0.998312 16.3689
0.998244 0.00766178 -0.0587304 -0.78431 -0.00782162 0.999966 -0.00249226 -0.170357 0.0587094 0.00294725 0.998271 17.2591
0.998144 0.00730935 -0.0604617 -0.841562 -0.00752687 0.999966 -0.00337069 -0.180163 0.060435 0.00381952 0.998165 18.1735
0.998086 0.00580115 -0.0615619 -0.897787 -0.0060578 0.999974 -0.00398307 -0.194378 0.0615372 0.00434838 0.998095 19.0926
0.998045 0.00582823 -0.0622339 -0.960787 -0.00598714 0.999979 -0.00236726 -0.202668 0.0622188 0.00273523 0.998059 20.0107
0.998042 0.0071336 -0.0621439 -1.02189 -0.00707883 0.999974 0.0011015 -0.215419 0.0621502 -0.000659432 0.998067 20.942
0.99808 0.0082541 -0.061381 -1.08335 -0.00797024 0.999956 0.004868 -0.222431 0.0614185 -0.00436943 0.998103 21.8845
0.998187 0.00683379 -0.0598 -1.1535 -0.0063895 0.999951 0.00761782 -0.222678 0.0598491 -0.00722192 0.998181 22.89
0.99828 0.00732444 -0.0581753 -1.21376 -0.00684433 0.999941 0.00844774 -0.229132 0.0582337 -0.00803503 0.998271 23.8362
0.998358 0.00737912 -0.0568095 -1.27102 -0.00706932 0.999959 0.0056525 -0.232708 0.0568489 -0.00524161 0.998369 24.7811
0.998392 0.00872078 -0.0560105 -1.32465 -0.00869223 0.999962 0.000753408 -0.242185 0.056015 -0.00026534 0.99843 25.749
0.998472 0.00796436 -0.0546832 -1.38359 -0.0080946 0.999965 -0.00216055 -0.250744 0.0546641 0.00259989 0.998501 26.716
0.99853 0.00528415 -0.0539413 -1.43592 -0.00534901 0.999985 -0.00105816 -0.260876 0.0539349 0.00134514 0.998544 27.6975
0.998541 0.00422219 -0.0538251 -1.50246 -0.00403117 0.999985 0.00365705 -0.258507 0.0538397 -0.00343474 0.998544 28.6984
0.998506 0.000443728 -0.0546368 -1.55484 -5.31539e-05 0.999974 0.00714979 -0.268151 0.0546386 -0.00713621 0.998481 29.6859
0.99842 -0.00710106 -0.0557437 -1.60096 0.00747402 0.999951 0.00648492 -0.270855 0.0556949 -0.0068913 0.998424 30.6709
0.998305 -0.00915971 -0.0574708 -1.65657 0.00932306 0.999953 0.00257484 -0.279094 0.0574445 -0.00310628 0.998344 31.6542
0.998225 -0.00896 -0.0588835 -1.7179 0.00890296 0.99996 -0.00123106 -0.28995 0.0588922 0.000704639 0.998264 32.6434
0.9981 -0.00799564 -0.0610939 -1.78051 0.00788914 0.999967 -0.00198425 -0.296266 0.0611078 0.0014985 0.99813 33.6401
0.998048 -0.00774184 -0.0619635 -1.84705 0.00770069 0.99997 -0.000902942 -0.313447 0.0619686 0.000424018 0.998078 34.6326
0.997995 -0.00474481 -0.0631191 -1.91941 0.00488005 0.999986 0.00198859 -0.326147 0.0631088 -0.00229262 0.998004 35.6429
0.997913 -0.00465923 -0.064403 -1.98647 0.00488083 0.999983 0.00328389 -0.335198 0.0643866 -0.00359137 0.997919 36.6525
0.997866 -0.00349995 -0.0652015 -2.05928 0.00390154 0.999974 0.00603289 -0.341128 0.0651787 -0.0062744 0.997854 37.7105
0.997873 -0.00350969 -0.065101 -2.12897 0.0041112 0.99995 0.00910788 -0.348444 0.0650657 -0.00935615 0.997837 38.7251
0.997848 0.00207838 -0.0655344 -2.20994 -0.0013309 0.999934 0.0114475 -0.351393 0.0655538 -0.0113356 0.997785 39.7435
0.997828 0.00167461 -0.0658574 -2.27521 -0.000952923 0.999939 0.0109882 -0.350166 0.0658718 -0.0109016 0.997769 40.6884
0.997824 0.00184321 -0.0659099 -2.34113 -0.00123557 0.999956 0.00925877 -0.352131 0.0659241 -0.00915719 0.997783 41.6948
0.99783 0.00418164 -0.0657043 -2.4192 -0.00373363 0.999969 0.00693986 -0.353732 0.0657313 -0.00667949 0.997815 42.6905
0.997758 0.00425176 -0.0667946 -2.49536 -0.0037932 0.999968 0.0069906 -0.366554 0.0668223 -0.00672156 0.997742 43.7073
0.997674 0.00226696 -0.0681232 -2.56104 -0.00170696 0.999964 0.00827754 -0.375743 0.0681396 -0.008142 0.997643 44.7109
0.997633 0.0026316 -0.0687057 -2.63971 -0.00198735 0.999953 0.00944365 -0.384455 0.0687274 -0.00928476 0.997592 45.6961
0.997611 0.00457411 -0.0689365 -2.7054 -0.00418229 0.999974 0.00582711 -0.380592 0.0689614 -0.00552487 0.997604 46.687
0.997552 0.00528736 -0.0697308 -2.78258 -0.00518873 0.999985 0.00159549 -0.386603 0.0697382 -0.00122977 0.997565 47.6675
0.997503 0.00631406 -0.0703417 -2.85508 -0.00629459 0.99998 0.00049841 -0.39877 0.0703435 -5.43931e-05 0.997523 48.6594
0.9975 0.00446554 -0.0705204 -2.93273 -0.00419441 0.999983 0.00399228 -0.411767 0.070537 -0.00368651 0.997502 49.6106
0.997481 0.00262518 -0.0708813 -2.99743 -0.00211599 0.999971 0.00725777 -0.42525 0.0708983 -0.00708951 0.997458 50.5841
0.997478 0.000870951 -0.0709757 -3.06955 -0.000309874 0.999969 0.00791583 -0.431891 0.0709804 -0.00787387 0.997447 51.5542
0.997467 -0.00303424 -0.0710631 -3.13597 0.00352077 0.999971 0.00672214 -0.433527 0.0710407 -0.00695532 0.997449 52.4722
0.997418 -0.005551 -0.0716002 -3.20222 0.00594795 0.999968 0.00533193 -0.440719 0.0715683 -0.00574404 0.997419 53.4333
0.997334 -0.00730381 -0.0726039 -3.27494 0.00780218 0.999948 0.00658304 -0.448184 0.072552 -0.00713196 0.997339 54.3908
0.99721 -0.0106731 -0.073882 -3.33391 0.0115036 0.999875 0.0108247 -0.457644 0.0737573 -0.0116444 0.997208 55.3282
0.997159 -0.011509 -0.0744396 -3.40521 0.0127195 0.999794 0.015808 -0.460576 0.0742423 -0.0167099 0.9971 56.2899
0.997128 -0.00978699 -0.0751 -3.47721 0.0111728 0.999775 0.0180548 -0.461838 0.0749063 -0.018842 0.997013 57.2374
0.997046 -0.00830723 -0.0763529 -3.5648 0.00939325 0.99986 0.0138756 -0.464545 0.0762269 -0.0145518 0.996984 58.1503
0.996963 -0.00674505 -0.0775857 -3.64396 0.00724818 0.999954 0.00620512 -0.469454 0.0775403 -0.00674863 0.996966 59.0723
0.996908 -0.00522998 -0.0784068 -3.72125 0.00535498 0.999985 0.00138414 -0.472684 0.0783983 -0.00179973 0.99692 59.9954
0.996819 3.53172e-05 -0.0797037 -3.79096 0.000154418 0.999997 0.00237434 -0.491001 0.0797036 -0.00237909 0.996816 60.9165
0.996737 0.00278133 -0.0806705 -3.87044 -0.00240855 0.999986 0.00471801 -0.506125 0.0806825 -0.00450831 0.99673 61.8134
0.99663 0.00499535 -0.0818749 -3.94609 -0.00449964 0.99997 0.00623785 -0.515973 0.0819036 -0.00584842 0.996623 62.6924
0.996573 0.00607925 -0.0824998 -4.03702 -0.00559736 0.999966 0.00607115 -0.526377 0.0825339 -0.00558856 0.996573 63.6157
0.996433 0.00770052 -0.0840357 -4.11633 -0.00714111 0.99995 0.00695542 -0.53657 0.0840851 -0.0063305 0.996438 64.4753
0.996318 0.00865238 -0.0853 -4.19859 -0.00804527 0.99994 0.0074585 -0.544699 0.0853594 -0.00674477 0.996327 65.33
0.996187 0.00925151 -0.086755 -4.26843 -0.00860657 0.999933 0.00780516 -0.552738 0.0868213 -0.00702873 0.996199 66.1175
0.996084 0.0090427 -0.0879521 -4.34494 -0.00830195 0.999927 0.00878442 -0.558041 0.0880251 -0.00801984 0.996086 66.9334
0.995937 0.0118405 -0.0892717 -4.42357 -0.0108473 0.999874 0.0116034 -0.562902 0.0893978 -0.0105879 0.99594 67.7434
0.995803 0.0129215 -0.0906098 -4.50756 -0.0115289 0.999808 0.0158756 -0.575397 0.0907975 -0.0147643 0.99576 68.5079
0.995613 0.0159499 -0.0922019 -4.58626 -0.0143815 0.999741 0.0176506 -0.577929 0.0924595 -0.0162471 0.995584 69.287
0.99545 0.0187321 -0.0934297 -4.67026 -0.017545 0.999755 0.0135104 -0.583668 0.0936599 -0.0118097 0.995534 70.043
0.99531 0.0195076 -0.0947493 -4.73262 -0.0189962 0.9998 0.00629676 -0.593149 0.0948532 -0.00446735 0.995481 70.7671
0.995189 0.0185462 -0.0961985 -4.80228 -0.0185988 0.999827 0.000350111 -0.596391 0.0961883 0.00144075 0.995362 71.4775
0.995143 0.019141 -0.0965615 -4.87759 -0.0193062 0.999813 -0.000776691 -0.602632 0.0965286 0.00263715 0.995327 72.1662
0.99502 0.0221544 -0.0971842 -4.9484 -0.0219777 0.999754 0.00288841 -0.614473 0.0972243 -0.000738135 0.995262 72.8388
0.994899 0.0223316 -0.0983683 -5.01898 -0.0219114 0.999746 0.00534999 -0.632922 0.0984628 -0.00316732 0.995136 73.4969
0.994862 0.0192649 -0.0993948 -5.07992 -0.0191355 0.999814 0.0022552 -0.647681 0.0994198 -0.000341643 0.995046 74.1267
0.994983 0.0114948 -0.0993828 -5.12875 -0.0118402 0.999926 -0.0028862 -0.657802 0.0993422 0.00404843 0.995045 74.7078
0.995125 0.00755947 -0.0983266 -5.18282 -0.00835595 0.999936 -0.00769101 -0.668036 0.0982621 0.00847513 0.995124 75.3029
0.995421 0.0100531 -0.09506 -5.2441 -0.010855 0.99991 -0.00792226 -0.676602 0.0949718 0.00891786 0.99544 75.8809
0.99573 0.0148115 -0.0911168 -5.31423 -0.0153208 0.999871 -0.00489329 -0.687904 0.0910325 0.00626838 0.995828 76.5053
0.996173 0.0130421 -0.0864292 -5.36062 -0.0132426 0.999911 -0.00174601 -0.699945 0.0863987 0.00288387 0.996256 77.062
0.996681 0.00934594 -0.0808626 -5.39091 -0.00916599 0.999955 0.00259621 -0.713729 0.0808832 -0.00184641 0.996722 77.6089
0.997344 0.00354485 -0.0727489 -5.41721 -0.00312548 0.999978 0.00587754 -0.721566 0.0727681 -0.00563455 0.997333 78.1215
0.998052 0.00709492 -0.0619819 -5.44935 -0.00674788 0.99996 0.00580663 -0.729711 0.0620206 -0.00537708 0.99806 78.6394
0.998827 0.0123475 -0.0468301 -5.47365 -0.0121135 0.999913 0.00527743 -0.738232 0.0468912 -0.00470397 0.998889 79.1426
0.999418 0.0182898 -0.0288029 -5.50289 -0.0181251 0.999818 0.00596821 -0.744858 0.0289068 -0.00544268 0.999567 79.6638
0.999839 0.0165796 -0.0068164 -5.4918 -0.016537 0.999844 0.00625555 -0.748219 0.00691905 -0.00614182 0.999957 80.146
0.999724 0.0133476 0.0193218 -5.45864 -0.0134867 0.999884 0.00708805 -0.752622 -0.0192249 -0.00734669 0.999788 80.614
0.998732 0.01241 0.048797 -5.41092 -0.012843 0.999881 0.00856929 -0.75804 -0.0486849 -0.00918512 0.998772 81.0677
0.996616 0.00994639 0.081589 -5.35063 -0.0108062 0.999891 0.0101041 -0.759604 -0.0814796 -0.0109515 0.996615 81.5115
0.992861 0.00972885 0.118883 -5.27038 -0.0110591 0.999883 0.0105347 -0.764961 -0.118767 -0.0117742 0.992852 81.9517
0.987008 0.0102793 0.160341 -5.18536 -0.0120972 0.999873 0.0103653 -0.767552 -0.160214 -0.0121703 0.987007 82.4156
0.978619 0.0100864 0.205435 -5.0695 -0.0124301 0.999872 0.0101209 -0.771264 -0.205307 -0.0124581 0.978618 82.836
0.96698 0.0121153 0.254565 -4.93864 -0.0146487 0.99986 0.00805829 -0.780793 -0.254432 -0.0115212 0.967022 83.2365
0.951587 0.0123688 0.307131 -4.78278 -0.0146954 0.999878 0.0052637 -0.78365 -0.307028 -0.00952227 0.951653 83.6637
0.9317 0.0125792 0.363011 -4.60278 -0.0146673 0.999888 0.0029963 -0.788723 -0.362933 -0.00811604 0.93178 84.0376
0.907231 0.0133908 0.42042 -4.40675 -0.0152019 0.999884 0.000956917 -0.793025 -0.420358 -0.0072593 0.907329 84.3909
0.878821 0.0133447 0.476965 -4.16879 -0.0146457 0.999892 -0.000990223 -0.802579 -0.476927 -0.00611528 0.878922 84.7162
0.845076 0.0120312 0.534511 -3.92621 -0.0121695 0.999921 -0.00326665 -0.808252 -0.534508 -0.00374416 0.845155 85.0314
0.808017 0.0114777 0.589047 -3.66502 -0.010994 0.99993 -0.00440283 -0.819371 -0.589056 -0.00291845 0.808087 85.3275
0.769204 0.00968464 0.63893 -3.39316 -0.00997704 0.999945 -0.00314546 -0.835357 -0.638925 -0.00395513 0.769259 85.5435
0.726166 0.00928362 0.687457 -3.10052 -0.0118073 0.99993 -0.00103123 -0.842642 -0.687418 -0.00736814 0.726225 85.8028
0.680972 0.00821214 0.732263 -2.79125 -0.0110009 0.999939 -0.000983693 -0.848475 -0.732227 -0.0073857 0.681021 86.0322
0.635484 0.0063185 0.772089 -2.49697 -0.00795723 0.999967 -0.00163401 -0.863281 -0.772073 -0.00510529 0.635513 86.1887
0.588506 0.00379723 0.808484 -2.1612 -0.00245666 0.999993 -0.00290846 -0.86873 -0.808489 -0.000274521 0.588511 86.3771
0.54177 0.0058453 0.840507 -1.82747 -0.00465532 0.999981 -0.00395366 -0.877584 -0.840514 -0.00177086 0.541787 86.5505
0.494246 0.00856457 0.86928 -1.53805 -0.00915082 0.999947 -0.00464908 -0.892006 -0.869274 -0.00565683 0.494299 86.6695
0.448475 0.0107887 0.89373 -1.19 -0.0106257 0.999921 -0.00673856 -0.902004 -0.893732 -0.00647448 0.448554 86.8136
0.406171 0.00812592 0.913761 -0.822689 -0.00328146 0.999967 -0.00743391 -0.90828 -0.913791 2.09682e-05 0.406184 86.9312
0.367284 0.000589285 0.930109 -0.523634 0.0117361 0.999917 -0.0052679 -0.910034 -0.930035 0.0128507 0.367246 86.9745
0.33199 -0.00307676 0.943278 -0.156593 0.0153479 0.99988 -0.00214037 -0.914894 -0.943158 0.015188 0.331997 87.0657
0.298974 0.000921585 0.954261 0.205335 0.0126239 0.999908 -0.0049208 -0.922769 -0.954178 0.0135177 0.298935 87.1603
0.267601 0.0087556 0.96349 0.554681 0.00170413 0.999953 -0.00956026 -0.9345 -0.963528 0.00420025 0.267573 87.2541
0.239396 0.0130494 0.970834 0.935644 -0.0032203 0.999915 -0.0126462 -0.951004 -0.970917 -9.89175e-05 0.239418 87.338
0.213951 0.0145971 0.976735 1.3246 -0.00193156 0.999893 -0.01452 -0.967127 -0.976843 0.00121996 0.213956 87.4013
0.190622 0.015853 0.981535 1.73546 0.00534673 0.999838 -0.017187 -0.978308 -0.981649 0.00852423 0.190507 87.4553
0.170124 0.0224138 0.985168 2.15622 0.0126871 0.999609 -0.0249332 -0.973203 -0.985341 0.0167407 0.169773 87.5048
0.150492 0.0291327 0.988182 2.5845 0.0146927 0.999389 -0.0317007 -0.973556 -0.988502 0.0192898 0.149972 87.5564
0.132464 0.0300586 0.990732 3.0137 0.0123345 0.999413 -0.0319712 -0.988237 -0.991111 0.0164552 0.132015 87.6127
0.117025 0.0255896 0.992799 3.47379 0.0100863 0.999586 -0.0269535 -1.01199 -0.993078 0.0131679 0.116718 87.6612
0.102488 0.0223169 0.994484 3.95655 0.0103771 0.99967 -0.0235027 -1.03198 -0.99468 0.0127286 0.102222 87.7066
0.0892934 0.019758 0.995809 4.44489 0.0131195 0.999693 -0.0210115 -1.05038 -0.995919 0.0149407 0.0890067 87.7365
0.0774211 0.0191693 0.996814 4.90485 0.016771 0.999649 -0.0205264 -1.05568 -0.996857 0.0183068 0.0770724 87.7594
0.0673849 0.0196851 0.997533 5.42397 0.0198105 0.999582 -0.0210638 -1.07445 -0.99753 0.021181 0.0669667 87.7874
0.0593685 0.0202236 0.998031 5.96888 0.0219914 0.999526 -0.021562 -1.08768 -0.997994 0.0232282 0.0588956 87.8163
0.0535601 0.0206313 0.998351 6.53809 0.0238248 0.999476 -0.0219327 -1.10365 -0.99828 0.0249603 0.0530405 87.843
0.0480007 0.0216892 0.998612 7.12382 0.0250105 0.999425 -0.022909 -1.11848 -0.998534 0.0260754 0.0474306 87.8681
0.0419154 0.0223952 0.99887 7.70789 0.0256527 0.999395 -0.0234834 -1.13225 -0.998792 0.026608 0.0413156 87.8966
0.0376968 0.0222816 0.999041 8.29652 0.0283356 0.999326 -0.0233571 -1.15465 -0.998887 0.0291889 0.0370401 87.9028
0.0349279 0.0223991 0.999139 8.93224 0.0303993 0.999262 -0.0234645 -1.16669 -0.998927 0.0311927 0.0342213 87.9201
0.0319454 0.0219224 0.999249 9.56974 0.0309399 0.999259 -0.0229118 -1.18661 -0.999011 0.0316486 0.0312434 87.9335
0.0291764 0.0212458 0.999348 10.205 0.0325711 0.999223 -0.0221941 -1.20758 -0.999043 0.0331974 0.0284618 87.9547
0.0285382 0.0207218 0.999378 10.8839 0.0374008 0.999063 -0.0217833 -1.23275 -0.998893 0.0379992 0.0277365 87.9696
0.0295243 0.0202911 0.999358 11.5587 0.0408491 0.998934 -0.0214893 -1.25199 -0.998729 0.0414573 0.028664 87.9846
0.0317435 0.0204971 0.999286 12.2999 0.0421218 0.998874 -0.0218267 -1.26813 -0.998608 0.0427845 0.0308444 88.0086
0.0354937 0.0203408 0.999163 13.0178 0.0444431 0.998772 -0.0219116 -1.29138 -0.998381 0.0451836 0.0345461 88.0376
0.039784 0.0199574 0.999009 13.7592 0.0447681 0.998761 -0.0217352 -1.30667 -0.998205 0.0455884 0.0388412 88.0672
0.0440624 0.018491 0.998858 14.524 0.0470106 0.998683 -0.0205615 -1.32105 -0.997922 0.0478628 0.043135 88.0958
0.0479839 0.0168203 0.998706 15.3108 0.0469206 0.998716 -0.0190748 -1.34783 -0.997745 0.0477752 0.0471331 88.1395
0.0520171 0.0147108 0.998538 16.112 0.043655 0.998902 -0.0169903 -1.36815 -0.997692 0.0444749 0.0513178 88.1918
0.0559017 0.013796 0.998341 16.9054 0.0426882 0.998957 -0.0161948 -1.38643 -0.997523 0.0435227 0.0552544 88.2406
0.0599119 0.0147952 0.998094 17.7153 0.0399746 0.999052 -0.0172089 -1.40764 -0.997403 0.0409295 0.0592637 88.2995
0.0632129 0.0188417 0.997822 18.5231 0.0382809 0.99904 -0.0212898 -1.42866 -0.997266 0.0395434 0.0624309 88.3527
0.0643899 0.0243355 0.997628 19.3595 0.0317645 0.999146 -0.0264227 -1.4513 -0.997419 0.0333906 0.063562 88.4102
0.0644715 0.0273902 0.997544 20.1879 0.0296065 0.999131 -0.0293473 -1.47738 -0.99748 0.0314258 0.0636046 88.468
0.0645489 0.0268276 0.997554 21.0155 0.0272565 0.999218 -0.0286361 -1.50996 -0.997542 0.0290383 0.0637672 88.5285
0.0645306 0.0249887 0.997603 21.783 0.0248258 0.999337 -0.026638 -1.54387 -0.997607 0.0264853 0.0638674 88.5836
0.0644174 0.0239428 0.997636 22.5989 0.026008 0.999332 -0.0256628 -1.57103 -0.997584 0.0275997 0.0637517 88.637
0.0650611 0.0233354 0.997608 23.4365 0.0240259 0.9994 -0.0249442 -1.59991 -0.997592 0.0255913 0.0644614 88.6922
0.0646783 0.0234965 0.99763 24.2769 0.0215957 0.999456 -0.0249396 -1.63623 -0.997672 0.0231576 0.0641357 88.7711
0.0648021 0.024019 0.997609 25.1072 0.0187434 0.999505 -0.0252822 -1.66976 -0.997722 0.020337 0.0643198 88.8337
0.0637552 0.0255124 0.997639 25.9409 0.0162986 0.999513 -0.0266019 -1.69896 -0.997832 0.0179561 0.0633084 88.8932
0.0607486 0.0250372 0.997839 26.7811 0.0126698 0.999585 -0.0258523 -1.73951 -0.998073 0.0142129 0.0604062 88.9497
0.0569849 0.0237868 0.998092 27.6018 0.00997755 0.999653 -0.0243937 -1.77341 -0.998325 0.0113486 0.0567278 89.0009
0.0519226 0.0215788 0.998418 28.4228 0.00927282 0.999713 -0.022089 -1.79648 -0.998608 0.0104051 0.0517076 89.0566
0.0452111 0.0192069 0.998793 29.2424 0.00486932 0.999799 -0.0194466 -1.8373 -0.998966 0.00574264 0.0451085 89.1107
0.0382381 0.0192061 0.999084 30.0196 0.00505086 0.999799 -0.0194131 -1.86778 -0.999256 0.00578856 0.0381334 89.1259
0.0293135 0.0199613 0.999371 30.8233 0.00375566 0.999791 -0.0200799 -1.90322 -0.999563 0.00434191 0.0292324 89.1532
0.0195016 0.0204804 0.9996 31.6752 0.00520864 0.999775 -0.0205856 -1.92148 -0.999796 0.00560801 0.0193906 89.1784
0.0091103 0.0196037 0.999766 32.4695 0.00652347 0.999785 -0.0196635 -1.94234 -0.999937 0.00670109 0.00898046 89.1923
-0.00147632 0.0185204 0.999827 33.2806 0.00538289 0.999814 -0.0185122 -1.97529 -0.999984 0.00535463 -0.00157574 89.1844
-0.0123459 0.0173531 0.999773 34.063 0.00701696 0.999826 -0.0172673 -2.00744 -0.999899 0.00680218 -0.0124655 89.1743
-0.0234173 0.0177336 0.999568 34.8619 0.00744625 0.999818 -0.0175636 -2.03602 -0.999698 0.00703174 -0.0235451 89.1543
-0.0342436 0.0184086 0.999244 35.6326 0.00782741 0.999805 -0.0181507 -2.05754 -0.999383 0.00719994 -0.034381 89.1222
-0.046032 0.0197627 0.998744 36.4047 0.0061262 0.999791 -0.019501 -2.08386 -0.998921 0.00522084 -0.0461435 89.0978
-0.0565804 0.0207604 0.998182 37.1723 0.00648636 0.99977 -0.0204258 -2.111 -0.998377 0.00531887 -0.0567021 89.0583
-0.0660759 0.0214825 0.997583 37.9473 0.00727059 0.999752 -0.0210476 -2.13982 -0.997788 0.00586228 -0.0662157 89.004
-0.074629 0.0224196 0.996959 38.6845 0.0107894 0.999707 -0.0216738 -2.15526 -0.997153 0.00913906 -0.074849 88.9317
-0.0840641 0.0227244 0.996201 39.4258 0.0117575 0.999693 -0.0218119 -2.18354 -0.996391 0.00987925 -0.0843055 88.8701
-0.0926405 0.0224538 0.995446 40.1686 0.0132597 0.999685 -0.0213154 -2.20598 -0.995611 0.0112247 -0.092909 88.8005
-0.100718 0.0209274 0.994695 40.973 0.0133148 0.999718 -0.0196849 -2.24446 -0.994826 0.0112615 -0.100968 88.7376
-0.105989 0.0192456 0.994181 41.6987 0.0158501 0.999718 -0.017663 -2.27117 -0.994241 0.0138857 -0.106264 88.6575
-0.109801 0.017598 0.993798 42.4157 0.0185355 0.999706 -0.0156547 -2.29767 -0.993781 0.0167016 -0.110095 88.5783
-0.112043 0.0168266 0.993561 43.1037 0.0219716 0.999654 -0.014452 -2.31917 -0.99346 0.0202108 -0.112374 88.4915
-0.11396 0.015999 0.993357 43.801 0.0219931 0.999666 -0.0135775 -2.34105 -0.993242 0.0202997 -0.114274 88.4182
-0.11489 0.0162975 0.993245 44.4864 0.0226457 0.999649 -0.0137832 -2.36559 -0.99312 0.0209091 -0.115218 88.3463
-0.113685 0.0174736 0.993363 45.1346 0.0238327 0.999606 -0.0148559 -2.38187 -0.993231 0.0219856 -0.114056 88.2699
-0.110721 0.0192009 0.993666 45.7679 0.0252275 0.999545 -0.0165035 -2.39979 -0.993531 0.0232404 -0.111155 88.1989
-0.105549 0.0197087 0.994219 46.3942 0.0254274 0.99953 -0.0171145 -2.42169 -0.994089 0.023474 -0.106001 88.1376
-0.0971201 0.0199863 0.995072 46.9573 0.0233656 0.999569 -0.0177961 -2.44461 -0.994998 0.0215221 -0.0975452 88.0846
-0.0859635 0.0198327 0.996101 47.5269 0.0223468 0.999589 -0.0179736 -2.46827 -0.996048 0.0207146 -0.0863713 88.0433
-0.0723378 0.0199706 0.99718 48.1111 0.0210144 0.999608 -0.0184947 -2.4985 -0.997159 0.0196173 -0.0727291 88.0121
-0.05445 0.0216171 0.998282 48.6062 0.0224738 0.999539 -0.0204185 -2.51059 -0.998264 0.0213234 -0.0549107 87.9892
-0.0332398 0.0239573 0.99916 49.1429 0.02056 0.999518 -0.0232819 -2.53798 -0.999236 0.0197689 -0.0337164 87.9885
-0.00893522 0.0268635 0.999599 49.6376 0.01777 0.999485 -0.0267016 -2.55456 -0.999802 0.0175243 -0.00940799 88.0096
0.0192654 0.0285736 0.999406 50.1713 0.0159824 0.999455 -0.0288831 -2.57717 -0.999687 0.0165293 0.0187983 88.0408
0.0525789 0.0283322 0.998215 50.7017 0.0142044 0.999475 -0.0291161 -2.59344 -0.998516 0.0157099 0.0521488 88.0848
0.090494 0.0258683 0.995561 51.2373 0.0126595 0.999552 -0.0271227 -2.61301 -0.995817 0.0150577 0.090126 88.1549
0.132641 0.0221992 0.990916 51.7471 0.0107347 0.999658 -0.0238319 -2.63169 -0.991106 0.0137982 0.132357 88.2474
0.177827 0.0178855 0.983899 52.255 0.00809346 0.999774 -0.0196368 -2.65354 -0.984028 0.0114551 0.177642 88.3664
0.225628 0.0143941 0.974107 52.6827 0.0030278 0.999876 -0.0154762 -2.67443 -0.974209 0.00644128 0.225556 88.5205
0.277094 0.0128932 0.960756 53.1581 -0.000458369 0.999912 -0.0132865 -2.69049 -0.960843 0.00324122 0.277075 88.6904
0.331949 0.0123657 0.943216 53.6166 -0.00124903 0.999919 -0.0126695 -2.70808 -0.943297 0.0030275 0.331937 88.8831
0.388688 0.0136093 0.921269 54.0544 0.0020153 0.999876 -0.0156208 -2.71387 -0.921367 0.00792825 0.388613 89.1101
0.448827 0.0167564 0.893462 54.4755 0.0028185 0.999793 -0.0201665 -2.7323 -0.893614 0.0115695 0.448687 89.3535
0.508139 0.0210452 0.861018 54.8788 0.0033457 0.999646 -0.0264081 -2.74009 -0.861269 0.0162997 0.507889 89.6342
0.563126 0.0245125 0.826007 55.1896 0.000553547 0.999549 -0.0300399 -2.76153 -0.826371 0.0173735 0.562858 89.9466
0.618447 0.0273727 0.785349 55.5306 -0.00319332 0.999472 -0.0323211 -2.77654 -0.78582 0.017481 0.618208 90.2821
0.67088 0.0275997 0.741052 55.8473 -0.00401228 0.999428 -0.0335902 -2.79805 -0.741555 0.0195617 0.670607 90.6357
0.720684 0.0256058 0.692791 56.0804 -0.0036363 0.999444 -0.033157 -2.81289 -0.693255 0.0213765 0.720376 90.9478
0.76591 0.0223005 0.642561 56.3518 -0.00572223 0.999595 -0.0278709 -2.82827 -0.642922 0.0176697 0.765727 91.3387
0.807395 0.0163962 0.589784 56.6017 -0.00534709 0.999776 -0.0204741 -2.84671 -0.589988 0.0133771 0.807302 91.7533
0.845164 0.013576 0.534334 56.7834 -0.00682124 0.99987 -0.0146148 -2.857 -0.534463 0.00870706 0.845147 92.1244
0.876405 0.00978831 0.481476 56.9726 -0.00713096 0.999948 -0.00734863 -2.87001 -0.481522 0.00300699 0.876429 92.5582
0.902179 0.00989409 0.431249 57.1433 -0.0101586 0.999947 -0.00168977 -2.8868 -0.431243 -0.0028564 0.902232 93.0175
0.922761 0.0119936 0.385185 57.2548 -0.0135156 0.999908 0.00124407 -2.88838 -0.385135 -0.00635399 0.922838 93.4116
0.938164 0.0179172 0.345728 57.3807 -0.0205259 0.999782 0.00388564 -2.89521 -0.345583 -0.0107417 0.938327 93.8796
0.950287 0.0220709 0.310591 57.5046 -0.0241382 0.999705 0.00281345 -2.89694 -0.310437 -0.0101707 0.950539 94.3548
0.959988 0.0234544 0.279058 57.5816 -0.0252103 0.999679 0.00270439 -2.89551 -0.278905 -0.00963132 0.96027 94.7501
0.966215 0.0178466 0.257118 57.7043 -0.0191863 0.999812 0.00270247 -2.90102 -0.257021 -0.0075443 0.966376 95.2239
0.970303 0.0149853 0.241429 57.8239 -0.0162919 0.999861 0.00341646 -2.9093 -0.241345 -0.00724834 0.970412 95.7135
0.97327 0.0191425 0.228863 57.9233 -0.0204005 0.999787 0.00313212 -2.91462 -0.228754 -0.00771732 0.973454 96.2195
0.975363 0.0245181 0.219241 57.9841 -0.025896 0.999659 0.00341311 -2.91232 -0.219082 -0.00900648 0.975665 96.6616
0.976437 0.0327631 0.213303 58.0821 -0.0340035 0.999419 0.00214803 -2.914 -0.213109 -0.00935046 0.976984 97.1769
0.976906 0.0386995 0.210137 58.1915 -0.0393076 0.999226 -0.00128351 -2.92161 -0.210024 -0.00700612 0.977671 97.6942
0.977021 0.0400713 0.209343 58.2765 -0.0401308 0.999187 -0.00396502 -2.92856 -0.209331 -0.00452718 0.977834 98.2157
0.976534 0.0386857 0.211861 58.3974 -0.0379578 0.999251 -0.00750303 -2.93745 -0.211993 -0.000714839 0.977271 98.7766
0.975699 0.0376146 0.215864 58.5239 -0.0354678 0.999275 -0.013812 -2.94721 -0.216227 0.00582016 0.976326 99.3235
0.974929 0.0367723 0.219455 58.6597 -0.0334449 0.999263 -0.0188593 -2.95201 -0.219986 0.0110468 0.97544 99.9095
0.973702 0.0416698 0.223984 58.7843 -0.0385281 0.999088 -0.0183803 -2.96448 -0.224546 0.00926727 0.97442 100.505
0.972232 0.0447852 0.229695 58.9143 -0.0426539 0.998988 -0.0142383 -2.97919 -0.230101 0.00404556 0.973158 101.105
0.971282 0.0416587 0.234256 59.0746 -0.0405255 0.999132 -0.00965144 -2.99375 -0.234455 -0.000119084 0.972127 101.715
0.970524 0.0375238 0.238067 59.2321 -0.0376064 0.999284 -0.00419631 -3.00193 -0.238054 -0.00488023 0.97124 102.341
0.969717 0.0348752 0.24173 59.3935 -0.0360885 0.999348 0.000591939 -3.01402 -0.241552 -0.0092977 0.970343 102.973
0.969173 0.0301792 0.244526 59.5408 -0.0313625 0.999508 0.00094633 -3.01251 -0.244377 -0.00858612 0.969642 103.577
0.969186 0.0270067 0.244846 59.709 -0.0273153 0.999625 -0.00213553 -3.01934 -0.244811 -0.00461832 0.96956 104.222
0.969373 0.0262619 0.244186 59.8807 -0.0247974 0.999651 -0.00907008 -3.03093 -0.244339 0.00273711 0.969686 104.875
0.969484 0.0283056 0.243516 60.033 -0.0251724 0.999556 -0.0159693 -3.04246 -0.24386 0.00935211 0.969765 105.525
0.97002 0.0316611 0.240954 60.189 -0.0277111 0.999421 -0.019765 -3.04924 -0.24144 0.0124953 0.970335 106.191
0.970652 0.0296759 0.238652 60.3516 -0.0267753 0.999523 -0.0153876 -3.06609 -0.238995 0.00854601 0.970983 106.893
0.971111 0.0251361 0.237301 60.5326 -0.0239932 0.999682 -0.00770345 -3.08131 -0.237419 0.0017873 0.971406 107.638
0.971708 0.0256226 0.23479 60.7049 -0.0258827 0.999663 -0.0019744 -3.09282 -0.234761 -0.00415844 0.972044 108.361
0.972046 0.0288378 0.233011 60.86 -0.0290521 0.999575 -0.00251286 -3.10812 -0.232984 -0.00432685 0.972471 109.071
0.97235 0.0346249 0.230947 61.0243 -0.0338793 0.9994 -0.00719445 -3.11785 -0.231057 -0.000828792 0.97294 109.836
0.97323 0.0352298 0.227118 61.1846 -0.0332964 0.999369 -0.0123398 -3.13316 -0.227409 0.00444723 0.973789 110.569
0.974184 0.0341672 0.223155 61.3578 -0.0315602 0.999386 -0.0152395 -3.1442 -0.223538 0.00780325 0.974664 111.339
0.975116 0.0324481 0.219309 61.5416 -0.0300587 0.999447 -0.0142243 -3.1384 -0.219649 0.00727818 0.975552 112.136
0.976007 0.0284636 0.21587 61.7204 -0.0264701 0.999576 -0.012121 -3.15469 -0.216124 0.0061161 0.976347 112.931
0.976427 0.0274944 0.214091 61.8949 -0.0260988 0.999616 -0.00934301 -3.17036 -0.214266 0.00353524 0.976769 113.736
0.976733 0.0243493 0.21307 62.0518 -0.0234484 0.999702 -0.00675479 -3.19364 -0.213171 0.00160147 0.977014 114.442
0.976973 0.019083 0.212508 62.2327 -0.0182884 0.999816 -0.0057045 -3.20478 -0.212578 0.00168671 0.977143 115.251
0.97708 0.0199221 0.21194 62.402 -0.0195238 0.999802 -0.00397194 -3.2175 -0.211977 -0.000256976 0.977275 116.065
0.976877 0.0249915 0.212338 62.5657 -0.024294 0.999687 -0.00589386 -3.23118 -0.212419 0.000599044 0.977179 116.878
0.976627 0.0307325 0.212732 62.7412 -0.0294526 0.999524 -0.00918375 -3.24615 -0.212913 0.00270359 0.977067 117.712
0.976127 0.0395984 0.213561 62.9064 -0.0382227 0.999213 -0.0105685 -3.26319 -0.213811 0.00215328 0.976873 118.54
0.975188 0.0461621 0.21651 63.0767 -0.0450824 0.998934 -0.00992604 -3.28524 -0.216737 -8.10282e-05 0.97623 119.353
0.974386 0.0486181 0.219564 63.2447 -0.0480663 0.998813 -0.0078577 -3.30596 -0.219686 -0.00289722 0.975566 120.176
0.97379 0.0493634 0.222029 63.4287 -0.0486336 0.998778 -0.00875654 -3.32126 -0.22219 -0.00227101 0.975001 121.01
0.973401 0.0476208 0.224103 63.6232 -0.0461931 0.998865 -0.011612 -3.3319 -0.224402 0.000951104 0.974496 121.887
0.973421 0.0413332 0.225263 63.8215 -0.0400704 0.999145 -0.0101771 -3.3509 -0.225491 0.000880193 0.974245 122.717
0.973628 0.0344656 0.225524 64.0198 -0.0326785 0.999398 -0.0116536 -3.37193 -0.225789 0.00397652 0.974168 123.551
0.973368 0.0343061 0.226667 64.2109 -0.0325088 0.999403 -0.0116586 -3.39308 -0.226931 0.00397947 0.973903 124.337
0.97282 0.0369174 0.228603 64.389 -0.0358396 0.999318 -0.00886594 -3.40812 -0.228774 0.000431948 0.973479 125.184
0.972499 0.0385385 0.229695 64.5837 -0.0388984 0.999239 -0.00296252 -3.42907 -0.229634 -0.00605371 0.973258 126.028
0.972109 0.0425546 0.230638 64.7975 -0.0439933 0.999031 0.00109648 -3.44995 -0.230367 -0.0112124 0.973039 126.935
0.971904 0.0416709 0.231661 64.9886 -0.0415702 0.999121 -0.00531838 -3.47005 -0.231679 -0.00446123 0.972782 127.76
0.972092 0.0380754 0.23149 65.1837 -0.0345061 0.999215 -0.0194496 -3.49765 -0.232049 0.010919 0.972643 128.574
0.972464 0.0348405 0.230434 65.3718 -0.0290159 0.999169 -0.028618 -3.50868 -0.23124 0.0211437 0.972667 129.328
0.972649 0.0322715 0.230029 65.5632 -0.0285279 0.999401 -0.0195828 -3.529 -0.230523 0.0124849 0.972987 130.159
0.973125 0.0249415 0.228923 65.7662 -0.0259228 0.999663 0.00127982 -3.55044 -0.228814 -0.00717974 0.973444 131.004
0.973363 0.0212381 0.228285 65.9535 -0.0257423 0.999528 0.0167709 -3.57894 -0.227821 -0.0222007 0.97345 131.854
0.973421 0.0259894 0.227542 66.1346 -0.0292896 0.999509 0.0111386 -3.59145 -0.227141 -0.0175072 0.973704 132.658
0.973608 0.0342197 0.225649 66.305 -0.0339809 0.99941 -0.00494321 -3.59687 -0.225685 -0.00285501 0.974196 133.455
0.973927 0.0336976 0.224347 66.4824 -0.0316517 0.999418 -0.0127108 -3.59779 -0.224644 0.00527849 0.974427 134.274
0.974572 0.0292575 0.222157 66.6719 -0.0269815 0.999548 -0.0132737 -3.6212 -0.222445 0.00694201 0.974921 135.072
0.975219 0.0289271 0.21934 66.8543 -0.0270224 0.999567 -0.0116796 -3.64441 -0.219583 0.00546305 0.975579 135.894
0.97601 0.0287982 0.215815 67.0268 -0.0266157 0.999561 -0.0130128 -3.66668 -0.216095 0.00695661 0.976348 136.734
0.977059 0.0297205 0.210885 67.1987 -0.0272644 0.999522 -0.0145453 -3.68701 -0.211216 0.00846196 0.977403 137.539
0.9775 0.0349876 0.208014 67.3518 -0.0326809 0.99936 -0.0145163 -3.71177 -0.208389 0.00739159 0.978018 138.343
0.977728 0.0406716 0.205897 67.5171 -0.038464 0.999152 -0.0147152 -3.73511 -0.206321 0.00646783 0.978463 139.156
0.978053 0.0421973 0.204038 67.6781 -0.0404041 0.9991 -0.0129484 -3.75194 -0.204401 0.00442024 0.978877 139.963
0.978366 0.0403052 0.202917 67.8449 -0.0394901 0.999187 -0.00806587 -3.77248 -0.203077 -0.000121817 0.979163 140.783
0.978688 0.0387382 0.201668 67.9821 -0.0379437 0.999249 -0.00780543 -3.80577 -0.201819 -1.29411e-05 0.979423 141.536
0.979237 0.037629 0.199194 68.1432 -0.0362357 0.999287 -0.010637 -3.83099 -0.199453 0.0031982 0.979902 142.349
0.980379 0.0333007 0.194288 68.3058 -0.0310236 0.99941 -0.0147519 -3.837 -0.194664 0.00843494 0.980834 143.129
0.981752 0.0305735 0.187692 68.4673 -0.0280787 0.999479 -0.015937 -3.85066 -0.188082 0.0103761 0.982099 143.921
0.983017 0.0288575 0.181229 68.6156 -0.0273643 0.999568 -0.0107346 -3.86527 -0.18146 0.00559314 0.983382 144.725
0.984164 0.0263282 0.175296 68.7573 -0.0263672 0.99965 -0.00210712 -3.88875 -0.17529 -0.0025483 0.984514 145.535
0.98487 0.0225728 0.171817 68.8706 -0.0241966 0.99968 0.007362 -3.8961 -0.171596 -0.011408 0.985101 146.318
0.985364 0.0291949 0.167943 68.9896 -0.0313142 0.99946 0.00998439 -3.90304 -0.167561 -0.0150973 0.985746 147.114
0.986077 0.0321612 0.163147 69.1102 -0.0334948 0.999424 0.0054293 -3.91104 -0.162878 -0.0108183 0.986587 147.918
0.987385 0.0314609 0.155183 69.2441 -0.0310868 0.999505 -0.00483755 -3.9147 -0.155258 -4.76155e-05 0.987874 148.722
0.988473 0.0281553 0.148756 69.3627 -0.0269105 0.999584 -0.0103743 -3.92221 -0.148986 0.00625158 0.98882 149.512
0.989469 0.0271703 0.142172 69.4727 -0.0261137 0.999616 -0.00929269 -3.93444 -0.142369 0.00548221 0.989798 150.328
0.990273 0.0347946 0.134716 69.5571 -0.0342969 0.999394 -0.00601354 -3.95892 -0.134844 0.00133468 0.990866 151.101
0.991086 0.0404467 0.126939 69.64 -0.0398052 0.999179 -0.00758717 -3.97193 -0.127142 0.0024667 0.991881 151.924
0.992255 0.0431695 0.116476 69.7315 -0.0419113 0.999034 -0.0132311 -3.98987 -0.116934 0.00824697 0.993105 152.726
0.993302 0.0409315 0.108056 69.8253 -0.0394544 0.999097 -0.0157734 -3.99861 -0.108604 0.0114045 0.99402 153.595
0.994168 0.0406737 0.0998746 69.9033 -0.0395749 0.999133 -0.0129593 -4.01325 -0.100315 0.00893116 0.994916 154.402
0.994793 0.0435369 0.092152 69.9711 -0.0431881 0.99905 -0.00577744 -4.0333 -0.092316 0.00176748 0.995728 155.229
0.99535 0.0466997 0.0842525 70.026 -0.0468641 0.998901 -2.71053e-05 -4.04743 -0.0841612 -0.00392144 0.996444 156.101
0.996027 0.0453817 0.0766204 70.0866 -0.0457612 0.998947 0.00320323 -4.05228 -0.0763943 -0.00669674 0.997055 156.93
0.996414 0.046631 0.0705968 70.1341 -0.047129 0.998874 0.0054033 -4.06359 -0.0702654 -0.00871108 0.99749 157.769
0.996683 0.0464551 0.0668153 70.1722 -0.0468361 0.998894 0.00414618 -4.07758 -0.0665487 -0.00726179 0.997757 158.524
0.99673 0.0515653 0.0622142 70.2097 -0.0515901 0.998668 -0.00120764 -4.0922 -0.0621936 -0.00200595 0.998062 159.359
0.996644 0.0572754 0.0584758 70.237 -0.0569081 0.998348 -0.00792957 -4.09882 -0.0588334 0.00457522 0.998257 160.184
0.99688 0.0568751 0.0547374 70.3009 -0.0563955 0.998356 -0.0102681 -4.1103 -0.0552314 0.00714913 0.998448 161.022
0.996953 0.0584413 0.0516587 70.3407 -0.0583101 0.99829 -0.00404557 -4.12288 -0.0518068 0.00102102 0.998657 161.854
0.996928 0.0604431 0.0498202 70.3716 -0.0608358 0.998127 0.00640271 -4.13522 -0.0493399 -0.00941389 0.998738 162.694
0.997016 0.0612638 0.0469758 70.3796 -0.0619629 0.997986 0.0135727 -4.13415 -0.0460497 -0.016443 0.998804 163.551
0.997446 0.0578105 0.0419502 70.4105 -0.0583007 0.998243 0.0105582 -4.14285 -0.0412662 -0.012977 0.999064 164.364
0.998292 0.0458535 0.0361944 70.4475 -0.0459064 0.998946 0.000632434 -4.1511 -0.0361272 -0.00229291 0.999345 165.197
0.998627 0.0436875 0.0288911 70.4822 -0.0436007 0.999042 -0.00362856 -4.15316 -0.029022 0.0023639 0.999576 165.995
0.998618 0.0476758 0.0221052 70.4866 -0.0476324 0.998862 -0.00248569 -4.1561 -0.0221986 0.00142933 0.999753 166.835
0.998842 0.045835 0.014607 70.4925 -0.0458987 0.998938 0.00405579 -4.16885 -0.0144056 -0.00472154 0.999885 167.656
0.999163 0.0403015 0.00695615 70.5097 -0.040353 0.999158 0.00743471 -4.17883 -0.00665067 -0.00770919 0.999948 168.519
0.999489 0.0319449 0.0014376 70.5082 -0.0319596 0.999421 0.0116697 -4.17916 -0.00106398 -0.0117097 0.999931 169.355
0.999614 0.0273444 -0.004984 70.5107 -0.0272856 0.999562 0.011497 -4.17933 0.00529619 -0.0113566 0.999921 170.174
0.999637 0.0245398 -0.0111531 70.499 -0.0244915 0.99969 0.00445438 -4.18421 0.011259 -0.00417961 0.999928 171.023
0.999707 0.0152711 -0.0187559 70.487 -0.0153792 0.999866 -0.00562999 -4.19133 0.0186674 0.00591679 0.999808 171.859
0.999663 0.00481111 -0.0255025 70.4832 -0.00505908 0.99994 -0.00966775 -4.19991 0.0254545 0.00979352 0.999628 172.7
0.99948 0.00678507 -0.0315372 70.4435 -0.00685704 0.999974 -0.0021745 -4.20174 0.0315216 0.00238962 0.9995 173.525
0.999179 0.0177245 -0.0364257 70.391 -0.0173327 0.999789 0.011044 -4.20571 0.0366138 -0.0104036 0.999275 174.384
0.998902 0.0225535 -0.0410656 70.3422 -0.0217912 0.999584 0.0189191 -4.21764 0.0414752 -0.0180034 0.998977 175.234
0.998747 0.0213421 -0.0452566 70.2912 -0.0206301 0.999657 0.0161407 -4.23121 0.0455855 -0.0151869 0.998845 176.074
0.998611 0.0230846 -0.0473563 70.2413 -0.0228508 0.999724 0.00547188 -4.23323 0.0474696 -0.00438215 0.998863 176.91
0.998143 0.0342927 -0.050351 70.1846 -0.0345103 0.999398 -0.00345987 -4.24496 0.050202 0.00519107 0.998726 177.75
0.998101 0.0325758 -0.0522875 70.1296 -0.0330118 0.999427 -0.00749528 -4.23213 0.0520133 0.00920715 0.998604 178.561
0.998135 0.0271024 -0.0546991 70.0875 -0.0272766 0.999625 -0.00244121 -4.24615 0.0546124 0.00392867 0.9985 179.422
0.998147 0.0266522 -0.0546989 70.0417 -0.0263525 0.999634 0.00619182 -4.24968 0.0548439 -0.00473889 0.998484 180.276
0.998122 0.0281877 -0.0543825 69.9798 -0.0275899 0.999551 0.011713 -4.26389 0.0546882 -0.0101906 0.998451 181.147
0.998023 0.0283242 -0.0561126 69.9299 -0.0277513 0.999555 0.0109631 -4.27151 0.0563981 -0.00938422 0.998364 182.006
0.997982 0.0249933 -0.0583663 69.8767 -0.0249238 0.999688 0.00191827 -4.27959 0.058396 -0.000459687 0.998293 182.861
0.998035 0.0154101 -0.0607371 69.8305 -0.0160339 0.999823 -0.00979708 -4.29175 0.0605754 0.0107517 0.998106 183.713
0.998018 0.00496158 -0.0627349 69.7891 -0.00583674 0.999888 -0.0137745 -4.30776 0.0626596 0.0141133 0.997935 184.566
0.997934 0.00749498 -0.0638107 69.732 -0.00809863 0.999925 -0.00920673 -4.32183 0.0637369 0.00970448 0.99792 185.428
0.997825 0.0123016 -0.0647534 69.6591 -0.0122182 0.999924 0.00168389 -4.33532 0.0647692 -0.000889059 0.9979 186.273
0.997716 0.0136072 -0.0661678 69.5956 -0.0132832 0.999898 0.00533414 -4.35 0.0662336 -0.00444303 0.997794 187.122
0.997671 0.0128547 -0.0669903 69.5338 -0.0127731 0.999917 0.00164698 -4.36272 0.0670059 -0.000787474 0.997752 187.98
0.997668 0.0139548 -0.0668158 69.478 -0.0142802 0.999888 -0.00439538 -4.36744 0.066747 0.00533927 0.997756 188.762
0.997524 0.021328 -0.0670138 69.401 -0.0216974 0.999753 -0.00478993 -4.37482 0.0668951 0.0062321 0.997741 189.612
0.997457 0.0232458 -0.0673804 69.3332 -0.0234224 0.999724 -0.00183298 -4.38594 0.0673192 0.00340654 0.997726 190.441
0.997299 0.0273578 -0.068168 69.2831 -0.0273226 0.999626 0.00144955 -4.40325 0.0681821 0.000416893 0.997673 191.311
0.997205 0.0308701 -0.0680376 69.2142 -0.0306555 0.999521 0.00419524 -4.40985 0.0681345 -0.00209778 0.997674 192.147
0.997052 0.0335768 -0.0689907 69.1579 -0.0333956 0.999435 0.00377841 -4.41702 0.0690786 -0.00146328 0.99761 192.983
0.997087 0.0321686 -0.0691584 69.0917 -0.0322173 0.999481 0.000411305 -4.44352 0.0691357 0.00181799 0.997606 193.737
0.996955 0.0338737 -0.0702319 69.0259 -0.0343079 0.999399 -0.00498507 -4.45435 0.0700208 0.0073794 0.997518 194.544
0.996778 0.0365811 -0.0713866 68.9545 -0.0370123 0.999304 -0.00472581 -4.4647 0.071164 0.00735276 0.997438 195.355
0.996662 0.0361317 -0.0732103 68.8949 -0.0358647 0.999344 0.00495992 -4.46842 0.0733415 -0.0023177 0.997304 196.194
