1 0 0 0 0 1 0 0 0 0 1 0
0.999965 -0.000851274 -0.00833756 -0.0149964 0.000854221 1 0.000349903 -0.0263416 0.00833726 -0.000357013 0.999965 1.03625
0.999901 0.00332256 -0.0136521 0.00466807 -0.00340456 0.999976 -0.0059872 0.0161316 0.0136319 0.00603309 0.999889 1.55469
0.99981 0.00292984 -0.0192536 -0.00130823 -0.00305919 0.999973 -0.00669229 0.0102265 0.0192335 0.00674992 0.999792 2.07513
0.999684 0.00195634 -0.0250476 0.00206322 -0.00212388 0.999976 -0.00666387 -0.00846423 0.025034 0.00671497 0.999664 2.59567
0.999629 0.00583354 -0.0265909 -0.103513 -0.00598883 0.999965 -0.00576421 -0.0317567 0.0265564 0.00592132 0.99963 4.43936
0.999508 0.00621865 -0.0307335 -0.135477 -0.00635076 0.999971 -0.00420257 -0.0381805 0.0307065 0.00439569 0.999519 5.22852
0.999372 0.0052484 -0.035055 -0.169984 -0.00530627 0.999985 -0.00155789 -0.0450279 0.0350463 0.00174293 0.999384 6.03658
0.999234 0.0045656 -0.0388667 -0.197082 -0.00452952 0.999989 0.00101628 -0.0527714 0.0388709 -0.000839457 0.999244 6.85113
0.999125 0.00602256 -0.0413964 -0.239372 -0.00601293 0.999982 0.00035705 -0.0609904 0.0413978 -0.000107824 0.999143 7.67334
0.999036 0.00545934 -0.0435593 -0.279385 -0.00545511 0.999985 0.000215995 -0.0681205 0.0435598 2.18342e-05 0.999051 8.49965
0.99896 0.00275918 -0.0455032 -0.316683 -0.00278562 0.999996 -0.000517659 -0.0722744 0.0455015 0.000643875 0.998964 9.35779
0.99887 0.00267886 -0.0474498 -0.358982 -0.00266914 0.999996 0.000268121 -0.0777724 0.0474504 -0.000141168 0.998874 10.2081
0.998804 0.0011235 -0.0488816 -0.401155 -0.0011223 0.999999 5.196e-05 -0.0865471 0.0488817 2.96201e-06 0.998805 11.0662
0.998696 0.00311193 -0.0509505 -0.45366 -0.0032167 0.999993 -0.00197447 -0.0984391 0.050944 0.00213579 0.998699 11.9443
0.998629 0.00374702 -0.0522139 -0.506381 -0.00399339 0.999981 -0.00461499 -0.106425 0.0521956 0.00481717 0.998625 12.82
0.99851 0.0075015 -0.0540516 -0.562237 -0.00784317 0.999951 -0.00611181 -0.118934 0.0540031 0.00652664 0.998519 13.7016
0.998449 0.00859861 -0.0550097 -0.614748 -0.00891885 0.999945 -0.00557873 -0.131176 0.0549587 0.0060607 0.99847 14.5765
0.998384 0.00788623 -0.0562788 -0.669131 -0.00812858 0.999959 -0.0040785 -0.146101 0.0562443 0.00452938 0.998407 15.4747
0.998301 0.00850511 -0.0576429 -0.727935 -0.00866589 0.999959 -0.00253991 -0.157007 0.0576189 0.00303512 0.998334 16.3834
0.998254 0.00799331 -0.0585212 -0.784972 -0.00815201 0.999964 -0.00247355 -0.170225 0.0584993 0.0029463 0.998283 17.279
0.998159 0.00767352 -0.0601695 -0.843354 -0.00788746 0.999963 -0.00331895 -0.17956 0.0601419 0.00378743 0.998183 18.1914
0.9981 0.00604232 -0.0613174 -0.898209 -0.00629853 0.999972 -0.00398594 -0.192201 0.0612916 0.00436458 0.99811 19.1113
0.998054 0.00608013 -0.0620524 -0.959717 -0.00624347 0.999978 -0.00243885 -0.199093 0.0620361 0.00282152 0.99807 20.0437
0.998052 0.0073499 -0.0619546 -1.02144 -0.00730097 0.999973 0.00101618 -0.211408 0.0619604 -0.000561872 0.998078 20.9786
0.99809 0.0085269 -0.0611797 -1.08235 -0.0082492 0.999955 0.00479016 -0.219877 0.0612177 -0.00427633 0.998115 21.9221
0.998213 0.0072577 -0.0593147 -1.15056 -0.00681128 0.999947 0.00772495 -0.2218 0.0593676 -0.00730714 0.998209 22.876
0.998304 0.0076636 -0.0577032 -1.21015 -0.00718198 0.999938 0.00854923 -0.227684 0.0577652 -0.00812031 0.998297 23.823
0.998381 0.00773966 -0.0563459 -1.26722 -0.0074277 0.999956 0.0057438 -0.230654 0.0563879 -0.00531598 0.998395 24.7704
0.998415 0.00900933 -0.0555545 -1.32109 -0.00897576 0.999959 0.000853882 -0.23532 0.0555599 -0.000353885 0.998455 25.7226
0.998494 0.00817677 -0.0542522 -1.37856 -0.00830074 0.999963 -0.00206002 -0.244493 0.0542334 0.00250725 0.998525 26.6896
0.998551 0.00557306 -0.0535204 -1.43206 -0.00563307 0.999984 -0.000970362 -0.253623 0.0535142 0.00127044 0.998566 27.6727
0.998564 0.00359309 -0.0534491 -1.49524 -0.00339381 0.999987 0.00381859 -0.2624 0.0534621 -0.00363171 0.998563 28.6863
0.998526 -0.00030692 -0.0542834 -1.54634 0.000710678 0.999972 0.00741882 -0.27384 0.0542796 -0.00744646 0.998498 29.6709
0.998438 -0.00773448 -0.0553344 -1.59347 0.00811607 0.999945 0.00667468 -0.275584 0.0552797 -0.00711335 0.998446 30.6541
0.998319 -0.00972803 -0.0571375 -1.64963 0.00989137 0.999948 0.00257653 -0.277534 0.0571095 -0.00313737 0.998363 31.6668
0.998238 -0.00961407 -0.0585504 -1.71017 0.00955979 0.999954 -0.00120709 -0.288447 0.0585592 0.000645239 0.998284 32.6542
0.998119 -0.00867098 -0.0606892 -1.77455 0.00856644 0.999961 -0.00198258 -0.294847 0.0607041 0.00145896 0.998155 33.6515
0.998045 -0.00923286 -0.0618173 -1.8401 0.00920552 0.999957 -0.00072719 -0.30331 0.0618214 0.000156709 0.998087 34.6755
0.997993 -0.00631731 -0.0630035 -1.91272 0.0064649 0.999977 0.00213896 -0.314929 0.0629886 -0.00254198 0.998011 35.692
0.997911 -0.00629521 -0.0643004 -1.97923 0.00652915 0.999973 0.00342876 -0.323536 0.0642771 -0.00384142 0.997925 36.695
0.997875 -0.00421614 -0.0650136 -2.05176 0.00461995 0.999971 0.00606211 -0.339063 0.0649862 -0.00634959 0.997866 37.7037
0.997885 -0.0043748 -0.064862 -2.12021 0.00498069 0.999945 0.00918237 -0.347432 0.0648183 -0.009486 0.997852 38.7115
0.997863 0.0014306 -0.0653274 -2.19955 -0.000680038 0.999934 0.01151 -0.350681 0.0653395 -0.011441 0.997797 39.7261
0.99783 0.000313845 -0.0658423 -2.26846 0.000399465 0.999941 0.0108202 -0.349067 0.0658419 -0.010823 0.997771 40.7182
0.997832 0.000655839 -0.065808 -2.3348 -5.58996e-05 0.999958 0.00911793 -0.351976 0.0658113 -0.00909448 0.997791 41.7182
0.997842 0.00290065 -0.0656023 -2.41083 -0.00245743 0.999974 0.00683575 -0.354699 0.0656204 -0.00665979 0.997822 42.7099
0.997777 0.00209151 -0.0666058 -2.48103 -0.00161371 0.999973 0.00722659 -0.36499 0.0666191 -0.00710305 0.997753 43.7276
0.997688 6.61844e-05 -0.0679591 -2.5444 0.000512796 0.999964 0.00850207 -0.373995 0.0679572 -0.00851726 0.997652 44.7292
0.997648 0.000697541 -0.0685373 -2.62436 -3.94989e-05 0.999954 0.0096021 -0.380598 0.0685409 -0.00957681 0.997602 45.7206
0.997614 0.0033386 -0.0689579 -2.69657 -0.00294289 0.999979 0.00583924 -0.380663 0.0689759 -0.00562237 0.997602 46.6868
0.997556 0.00408249 -0.0697459 -2.77301 -0.00398019 0.999991 0.00160553 -0.386632 0.0697518 -0.00132401 0.997563 47.6615
0.997514 0.00512244 -0.0702834 -2.8465 -0.0051006 0.999987 0.000490204 -0.39805 0.070285 -0.000130498 0.997527 48.6499
0.997497 0.00217358 -0.0706727 -2.91821 -0.00189212 0.99999 0.00404927 -0.402295 0.0706808 -0.00390541 0.997491 49.6142
0.997477 0.00027803 -0.0709943 -2.98363 0.000238845 0.999974 0.00727192 -0.415245 0.0709944 -0.00727052 0.99745 50.5901
0.997465 -0.00132243 -0.0711403 -3.05488 0.00189201 0.999967 0.00793961 -0.422851 0.0711274 -0.00805408 0.997435 51.5594
0.997455 -0.00501857 -0.0711233 -3.12642 0.00550979 0.999962 0.00671202 -0.430241 0.0710869 -0.00708681 0.997445 52.4758
0.997404 -0.00753051 -0.0716182 -3.19362 0.00793524 0.999954 0.0053684 -0.438617 0.0715745 -0.00592277 0.997418 53.4376
0.997312 -0.00919239 -0.0726868 -3.26513 0.00969419 0.999932 0.00655371 -0.446114 0.0726216 -0.00724074 0.997333 54.393
0.997195 -0.0120804 -0.0738605 -3.33419 0.0129074 0.999859 0.0107301 -0.45374 0.0737204 -0.0116533 0.997211 55.3753
0.997145 -0.0129074 -0.0743926 -3.40652 0.0141112 0.999778 0.0156781 -0.456109 0.0741737 -0.0166831 0.997106 56.3357
0.99711 -0.0113965 -0.0751058 -3.4768 0.0127777 0.999757 0.0179359 -0.456073 0.0748832 -0.0188437 0.997014 57.2896
0.997021 -0.0104532 -0.0764127 -3.55093 0.0115573 0.999835 0.0140209 -0.457706 0.0762535 -0.0148622 0.996978 58.21
0.996943 -0.00897738 -0.0776168 -3.63153 0.00949895 0.999935 0.00635316 -0.462345 0.0775547 -0.00707102 0.996963 59.1361
0.9969 -0.00725862 -0.0783438 -3.71034 0.00740081 0.999971 0.00152468 -0.465311 0.0783305 -0.00209976 0.996925 60.0548
0.996825 -0.00158443 -0.0796119 -3.7861 0.00179219 0.999995 0.00253831 -0.488703 0.0796075 -0.00267293 0.996823 60.9288
0.996746 0.00121569 -0.080595 -3.86607 -0.000827706 0.999988 0.00484724 -0.502592 0.0806 -0.00476475 0.996735 61.8329
0.996649 0.0038566 -0.0817082 -3.94567 -0.00335301 0.999975 0.00629968 -0.512138 0.0817304 -0.0060046 0.996636 62.7214
0.996594 0.00537319 -0.082294 -4.02503 -0.00490591 0.999971 0.00587938 -0.517818 0.0823232 -0.00545563 0.996591 63.5894
0.996454 0.00706888 -0.0838364 -4.10484 -0.00652463 0.999956 0.00676398 -0.528725 0.0838805 -0.00619299 0.996457 64.4525
0.996344 0.00792451 -0.0850673 -4.18704 -0.00732836 0.999946 0.00731797 -0.537759 0.0851207 -0.00666781 0.996348 65.2996
0.996202 0.00788527 -0.0867102 -4.26225 -0.00722774 0.999943 0.00789436 -0.549422 0.0867675 -0.00723766 0.996202 66.1642
0.996099 0.00783434 -0.0878968 -4.33939 -0.00708702 0.999936 0.00881109 -0.554321 0.0879602 -0.00815379 0.996091 66.9809
0.995954 0.01068 -0.0892279 -4.41919 -0.00968194 0.999886 0.0116105 -0.559082 0.0893417 -0.0106996 0.995944 67.7955
0.995822 0.0114643 -0.0905962 -4.4963 -0.0100707 0.999824 0.0158252 -0.569328 0.0907617 -0.0148467 0.995762 68.535
0.99563 0.0145517 -0.092244 -4.57452 -0.0129783 0.99976 0.0176339 -0.572531 0.0924785 -0.0163597 0.99558 69.3102
0.995474 0.0173527 -0.0934404 -4.65758 -0.0161597 0.999778 0.0135087 -0.578749 0.0936541 -0.0119375 0.995533 70.0608
0.995357 0.0175318 -0.094647 -4.72154 -0.0170115 0.999835 0.00630147 -0.585399 0.0947419 -0.00466212 0.995491 70.7724
0.995222 0.0166961 -0.0962028 -4.789 -0.0167526 0.99986 0.000220366 -0.587429 0.096193 0.00139233 0.995362 71.4873
0.995184 0.0175113 -0.0964432 -4.86771 -0.0176895 0.999843 -0.000992424 -0.590331 0.0964107 0.00269367 0.995338 72.1788
0.99506 0.0210915 -0.0970082 -4.94083 -0.0209118 0.999777 0.00286863 -0.607996 0.0970471 -0.000825841 0.995279 72.8607
0.994928 0.0213088 -0.098303 -5.01023 -0.0208926 0.999768 0.0052615 -0.624233 0.0983923 -0.00318102 0.995143 73.521
0.994895 0.0181707 -0.099269 -5.07154 -0.0180432 0.999835 0.00218232 -0.639126 0.0992922 -0.00038005 0.995058 74.1491
0.995007 0.00959229 -0.099343 -5.11813 -0.0099239 0.999947 -0.00284445 -0.653657 0.0993104 0.00381611 0.995049 74.6945
0.99515 0.0056482 -0.0982111 -5.17383 -0.00643264 0.99995 -0.0076725 -0.662903 0.0981629 0.00826704 0.995136 75.2876
0.995442 0.00814239 -0.0950205 -5.23385 -0.0089381 0.999928 -0.00795146 -0.672083 0.0949489 0.00876452 0.995444 75.8773
0.995767 0.0132526 -0.0909497 -5.30167 -0.0137561 0.999893 -0.00491186 -0.681354 0.0908749 0.00614218 0.995843 76.5212
0.996208 0.0116262 -0.0862286 -5.34779 -0.0118298 0.999928 -0.00184991 -0.691481 0.0862009 0.00286296 0.996274 77.0788
0.996709 0.00791189 -0.0806705 -5.37853 -0.0077388 0.999967 0.00245801 -0.70416 0.0806873 -0.00182563 0.996738 77.6265
0.997357 0.00298 -0.0725936 -5.40673 -0.00254557 0.999978 0.00607626 -0.724298 0.0726102 -0.00587541 0.997343 78.1311
0.998067 0.00669321 -0.0617791 -5.44003 -0.00633652 0.999962 0.00596778 -0.732257 0.0618167 -0.00556478 0.998072 78.6516
0.998838 0.0119224 -0.0466853 -5.4616 -0.0116818 0.999917 0.00542272 -0.737355 0.0467461 -0.00487105 0.998895 79.1549
0.999461 0.0158176 -0.0287558 -5.48527 -0.0156533 0.99986 0.00593038 -0.73995 0.0288456 -0.00547706 0.999569 79.6377
0.999878 0.0141068 -0.00673352 -5.47373 -0.0140639 0.999881 0.00637754 -0.744568 0.00682268 -0.00628206 0.999957 80.115
0.999757 0.0105729 0.0193561 -5.43869 -0.010716 0.999916 0.00730717 -0.749186 -0.0192772 -0.00751281 0.999786 80.5886
0.99876 0.00952603 0.0488668 -5.39303 -0.00996567 0.999912 0.00876089 -0.753487 -0.0487791 -0.00923701 0.998767 81.041
0.996592 0.00918505 0.081972 -5.34735 -0.010079 0.999894 0.0104982 -0.761826 -0.0818669 -0.0112886 0.996579 81.5567
0.992801 0.00939295 0.119411 -5.26883 -0.0107556 0.999884 0.0107724 -0.761672 -0.119296 -0.0119791 0.992787 81.9983
0.986989 0.00894732 0.160538 -5.16999 -0.0108272 0.999883 0.0108392 -0.768318 -0.160422 -0.0124363 0.98697 82.3798
0.978596 0.0085982 0.205612 -5.05537 -0.0110457 0.999881 0.0107588 -0.771978 -0.205496 -0.0127996 0.978574 82.799
0.966929 0.0107772 0.254818 -4.92351 -0.013434 0.999872 0.0086883 -0.780618 -0.254692 -0.0118242 0.96695 83.2031
0.951534 0.0116591 0.307322 -4.77043 -0.0141152 0.999884 0.00577054 -0.789338 -0.307219 -0.00982879 0.951588 83.6509
0.931633 0.011969 0.363204 -4.5908 -0.0142278 0.999892 0.00354436 -0.79451 -0.363123 -0.00846964 0.931703 84.0232
0.907168 0.0124505 0.420584 -4.39308 -0.0145022 0.999893 0.00168045 -0.800498 -0.420519 -0.00762386 0.907252 84.3762
0.878555 0.0127467 0.477472 -4.16359 -0.0142599 0.999898 -0.000455206 -0.803415 -0.477429 -0.00640877 0.878647 84.6983
0.844808 0.0111305 0.534954 -3.9224 -0.011598 0.99993 -0.0024892 -0.811107 -0.534944 -0.00410149 0.844877 85.0108
0.80762 0.0107463 0.589606 -3.66604 -0.0106196 0.999937 -0.00367871 -0.821892 -0.589608 -0.00329041 0.807683 85.3025
0.768679 0.00939095 0.639566 -3.38064 -0.00972917 0.999948 -0.00298929 -0.833691 -0.639561 -0.00392464 0.768731 85.5505
0.72545 0.00891188 0.688217 -3.08571 -0.0113596 0.999935 -0.000974269 -0.839467 -0.688181 -0.00711105 0.725505 85.8134
0.680806 0.00744013 0.732426 -2.77831 -0.0103101 0.999947 -0.000574157 -0.848602 -0.732391 -0.00716053 0.680847 86.03
0.635107 0.00624233 0.772399 -2.48636 -0.00836948 0.999964 -0.00119963 -0.86421 -0.772379 -0.00570269 0.635136 86.1889
0.588226 0.00363958 0.808688 -2.15106 -0.00288585 0.999993 -0.00240145 -0.869853 -0.808691 -0.000921157 0.588232 86.3755
0.541416 0.00564801 0.840736 -1.81289 -0.00509358 0.999981 -0.00343766 -0.879537 -0.840739 -0.00242115 0.541434 86.5516
0.494728 0.00832735 0.869008 -1.52482 -0.00932008 0.999947 -0.00427615 -0.892684 -0.868998 -0.00598368 0.49478 86.6648
0.44898 0.0105311 0.89348 -1.18208 -0.0108009 0.999921 -0.0063581 -0.902081 -0.893477 -0.00679574 0.449058 86.8076
0.406643 0.00789333 0.913553 -0.820549 -0.00397966 0.999968 -0.00686855 -0.909704 -0.913579 -0.000842581 0.406661 86.9232
0.367939 0.000103501 0.92985 -0.507835 0.0114697 0.999923 -0.00464984 -0.910856 -0.929779 0.012376 0.36791 86.9704
0.332723 -0.00358791 0.943018 -0.140163 0.0153949 0.99988 -0.00162751 -0.914035 -0.942899 0.0150592 0.332738 87.0621
0.29968 0.000488681 0.95404 0.22735 0.0122755 0.999915 -0.00436813 -0.921045 -0.953961 0.0130204 0.299649 87.1589
0.267944 0.00835821 0.963398 0.57449 0.00133371 0.999958 -0.00904633 -0.934983 -0.963433 0.00370881 0.267922 87.2543
0.239733 0.0126496 0.970756 0.955273 -0.00356256 0.99992 -0.0121498 -0.951394 -0.970832 -0.000545666 0.239759 87.3388
0.214341 0.014264 0.976655 1.35013 -0.00232466 0.999898 -0.0140933 -0.965456 -0.976756 0.00075037 0.214352 87.4023
0.190935 0.0154892 0.98148 1.75805 0.00476085 0.999849 -0.0167052 -0.977711 -0.981591 0.0078623 0.190833 87.4577
0.170581 0.0218705 0.985101 2.16023 0.0127791 0.99962 -0.0244057 -0.972832 -0.985261 0.0167519 0.170237 87.5016
0.150935 0.0285819 0.98813 2.57836 0.0143715 0.999413 -0.0311035 -0.973897 -0.988439 0.0188955 0.150435 87.5514
0.133013 0.0295612 0.990673 3.02798 0.0119574 0.999434 -0.0314281 -0.983539 -0.991042 0.0160262 0.132584 87.6091
0.117545 0.0251028 0.99275 3.48748 0.00965609 0.999604 -0.0264194 -1.00743 -0.993021 0.0126915 0.117256 87.6593
0.103052 0.0218273 0.994436 3.96873 0.00994175 0.999687 -0.0229728 -1.02705 -0.994626 0.0122538 0.102803 87.703
0.0897971 0.0192768 0.995774 4.46178 0.0126084 0.999711 -0.02049 -1.04623 -0.99588 0.0143951 0.0895281 87.7369
0.0779648 0.0185975 0.996783 4.94587 0.0167223 0.999661 -0.0199591 -1.05477 -0.996816 0.0182247 0.0776274 87.7627
0.0679567 0.0191732 0.997504 5.4677 0.0197938 0.999593 -0.0205618 -1.07078 -0.997492 0.0211417 0.0675495 87.7904
0.0599051 0.0196041 0.998012 5.9935 0.0217589 0.999544 -0.0209402 -1.08618 -0.997967 0.02297 0.0594512 87.8199
0.0542129 0.0201743 0.998326 6.55451 0.0236279 0.99949 -0.021481 -1.09748 -0.99825 0.0247528 0.0537085 87.8402
0.0487324 0.0211195 0.998589 7.13708 0.0249863 0.999438 -0.0223569 -1.11604 -0.998499 0.0260405 0.0481773 87.8639
0.0426971 0.0218154 0.99885 7.72899 0.0256081 0.999409 -0.0229222 -1.13028 -0.99876 0.0265574 0.0421133 87.8895
0.0382086 0.0218334 0.999031 8.3154 0.0284665 0.999332 -0.0229286 -1.14895 -0.998864 0.0293149 0.0375615 87.9069
0.0354766 0.021926 0.99913 8.94071 0.0304069 0.999273 -0.0230088 -1.16362 -0.998908 0.0311967 0.0347841 87.9221
0.0324838 0.0214074 0.999243 9.5828 0.0310023 0.999268 -0.0224158 -1.18349 -0.998991 0.031707 0.0317964 87.9356
0.0297925 0.0207523 0.999341 10.2127 0.0327202 0.999228 -0.0217254 -1.20042 -0.99902 0.0333458 0.0290905 87.9555
0.0290106 0.020337 0.999372 10.8836 0.0370911 0.999083 -0.0214078 -1.2211 -0.998891 0.0376889 0.0282296 87.9747
0.0301557 0.0200444 0.999344 11.5905 0.0410208 0.998932 -0.0212739 -1.23638 -0.998703 0.0416355 0.0293013 87.9879
0.032558 0.0199183 0.999271 12.2942 0.042802 0.998856 -0.0213046 -1.2606 -0.998553 0.0434645 0.0316682 88.0093
0.0362812 0.0197512 0.999146 13.0215 0.0450162 0.998757 -0.0213781 -1.28349 -0.998327 0.0457534 0.035347 88.0394
0.0405525 0.0192741 0.998991 13.7647 0.0454075 0.998745 -0.0211126 -1.3025 -0.998145 0.0462179 0.0396264 88.0731
0.0448848 0.0179155 0.998832 14.5288 0.0474673 0.998672 -0.0200457 -1.31191 -0.997864 0.0483116 0.0439748 88.0956
0.0487401 0.0162536 0.998679 15.3174 0.0470088 0.998722 -0.0185485 -1.3381 -0.997705 0.0478508 0.0479138 88.1408
0.0528078 0.0141561 0.998504 16.1121 0.0440454 0.998893 -0.016491 -1.35611 -0.997633 0.0448503 0.0521259 88.1931
0.0567247 0.0132898 0.998301 16.9131 0.042823 0.998959 -0.0157318 -1.37709 -0.997471 0.0436426 0.0560965 88.2412
0.0607317 0.0142736 0.998052 17.7145 0.0401701 0.999053 -0.0167323 -1.39809 -0.997345 0.0411081 0.0601008 88.2997
0.0639775 0.0183003 0.997784 18.5199 0.0383081 0.99905 -0.0207798 -1.41781 -0.997216 0.0395526 0.0632157 88.3512
0.0651181 0.0236947 0.997596 19.3631 0.0320818 0.999152 -0.0258257 -1.44203 -0.997362 0.0336864 0.0643027 88.4183
0.0652165 0.0267051 0.997514 20.188 0.0295602 0.999151 -0.0286816 -1.47084 -0.997433 0.0313572 0.0643717 88.474
0.0652481 0.0261259 0.997527 21.0102 0.0272659 0.999237 -0.0279542 -1.505 -0.997496 0.0290225 0.064486 88.5359
0.0649918 0.0244659 0.997586 21.7835 0.0238736 0.999375 -0.0260651 -1.53388 -0.9976 0.02551 0.0643671 88.5986
0.0647667 0.0234176 0.997626 22.5933 0.0248401 0.999377 -0.0250713 -1.56246 -0.997591 0.0264049 0.0641447 88.6552
0.0654171 0.0227258 0.997599 23.4291 0.022876 0.999444 -0.0242679 -1.59411 -0.997596 0.0244086 0.0648609 88.7132
0.0651902 0.0229417 0.997609 24.2417 0.0207104 0.999489 -0.0243383 -1.62708 -0.997658 0.0222475 0.0646817 88.7792
0.0653796 0.0234721 0.997584 25.0733 0.0180537 0.999532 -0.0247012 -1.65996 -0.997697 0.019625 0.0649252 88.8403
0.0643841 0.0247729 0.997618 25.902 0.0152026 0.999551 -0.0258021 -1.69652 -0.997809 0.0168276 0.0639786 88.8957
0.0612939 0.0244375 0.997821 26.7549 0.0122461 0.999607 -0.0252335 -1.72544 -0.998045 0.013766 0.0609705 88.9633
0.0574048 0.023316 0.998079 27.5839 0.0100895 0.999663 -0.0239333 -1.75328 -0.9983 0.011444 0.0571502 89.021
0.0523698 0.0209412 0.998408 28.3913 0.00863684 0.999733 -0.021422 -1.78153 -0.99859 0.00974496 0.052175 89.0747
0.0458014 0.0188052 0.998774 29.2518 0.00551507 0.999803 -0.0190775 -1.81235 -0.998935 0.00638208 0.0456886 89.132
0.0385683 0.0188485 0.999078 30.0476 0.00560027 0.999802 -0.0190784 -1.84307 -0.99924 0.00633093 0.0384551 89.1593
0.0297417 0.0194681 0.999368 30.8503 0.00438804 0.999798 -0.019607 -1.88116 -0.999548 0.00496841 0.0296503 89.1838
0.0198826 0.0196312 0.99961 31.6672 0.00401277 0.999798 -0.0197147 -1.90882 -0.999794 0.00440318 0.0197998 89.1961
0.00959139 0.0187471 0.999778 32.4631 0.00578582 0.999806 -0.0188032 -1.93215 -0.999937 0.00596489 0.00948107 89.2079
-0.0010639 0.0178507 0.99984 33.276 0.00435254 0.999831 -0.0178459 -1.95599 -0.99999 0.00433285 -0.00114142 89.1984
-0.0121019 0.0169221 0.999784 34.0722 0.00627796 0.999838 -0.0168471 -1.98481 -0.999907 0.00607272 -0.0122062 89.1942
-0.0231273 0.0172732 0.999583 34.8625 0.00669031 0.999831 -0.0171227 -2.01294 -0.99971 0.00629152 -0.023239 89.175
-0.0339498 0.0180497 0.999261 35.6373 0.00740306 0.999814 -0.0178082 -2.02936 -0.999396 0.006793 -0.0340771 89.1418
-0.0445239 0.0190787 0.998826 36.4032 0.00709704 0.999798 -0.0187809 -2.05876 -0.998983 0.00625251 -0.0446503 89.1034
-0.0550099 0.020215 0.998281 37.1855 0.00777535 0.999773 -0.0198167 -2.08163 -0.998456 0.00667187 -0.0551546 89.0648
-0.0644666 0.0210142 0.997699 37.9654 0.00865421 0.999752 -0.0204982 -2.10729 -0.997882 0.00731284 -0.0646325 89.0124
-0.0741005 0.0216807 0.997015 38.6938 0.00966994 0.999732 -0.0210211 -2.13527 -0.997204 0.0080834 -0.0742903 88.9408
-0.0836064 0.0219413 0.996257 39.451 0.0102388 0.999724 -0.0211584 -2.16387 -0.996446 0.0084315 -0.0838079 88.8802
-0.0922097 0.021599 0.995505 40.1799 0.0117325 0.999719 -0.0206037 -2.18823 -0.99567 0.0097799 -0.0924372 88.8145
-0.0996086 0.0202067 0.994821 40.8986 0.0134498 0.99973 -0.0189597 -2.21956 -0.994936 0.0114916 -0.0998535 88.7507
-0.104816 0.0185935 0.994318 41.6172 0.0162992 0.999723 -0.0169764 -2.24439 -0.994358 0.0144272 -0.10509 88.6723
-0.108646 0.0170059 0.993935 42.3434 0.0191254 0.999704 -0.0150141 -2.26961 -0.993897 0.0173782 -0.108939 88.5933
-0.111292 0.0158264 0.993662 43.0032 0.0212134 0.999683 -0.0135464 -2.29305 -0.993561 0.0195713 -0.111593 88.5113
-0.113187 0.0150225 0.99346 43.698 0.0213297 0.999692 -0.0126866 -2.31478 -0.993345 0.0197542 -0.113472 88.4393
-0.114053 0.0154169 0.993355 44.3832 0.0223159 0.999667 -0.0129526 -2.33746 -0.993224 0.0206903 -0.114359 88.3641
-0.112877 0.0161505 0.993478 45.0234 0.0219857 0.999664 -0.0137531 -2.3556 -0.993366 0.0202899 -0.113194 88.2959
-0.109941 0.0178555 0.993778 45.666 0.0231702 0.999613 -0.015397 -2.37334 -0.993668 0.0213333 -0.110312 88.2242
-0.104803 0.0183013 0.994325 46.2822 0.0233145 0.999601 -0.015941 -2.39696 -0.99422 0.0215115 -0.105188 88.168
-0.0958616 0.0193568 0.995206 46.8595 0.0247198 0.999549 -0.0170602 -2.40714 -0.995088 0.0229659 -0.0962969 88.1028
-0.0846596 0.0194016 0.996221 47.4404 0.0243312 0.999553 -0.0173987 -2.4268 -0.996113 0.0227663 -0.0850938 88.0605
-0.0707799 0.019318 0.997305 47.9818 0.0225448 0.999588 -0.0177622 -2.45992 -0.997237 0.0212268 -0.0711862 88.0248
-0.0536655 0.0206663 0.998345 48.5171 0.0222563 0.999562 -0.0194951 -2.47228 -0.998311 0.0211733 -0.054102 88.018
-0.0324453 0.022952 0.99921 49.042 0.0202149 0.999547 -0.0223033 -2.50096 -0.999269 0.0194753 -0.0328945 88.0167
-0.00841414 0.0262658 0.99962 49.6567 0.0179863 0.999497 -0.0261112 -2.52056 -0.999803 0.0177597 -0.00888234 88.0354
0.0197724 0.0279821 0.999413 50.1822 0.0162523 0.999467 -0.0283051 -2.54347 -0.999672 0.0168025 0.0193071 88.0678
0.053193 0.0274277 0.998208 50.6992 0.0139491 0.999505 -0.0282067 -2.56356 -0.998487 0.0154245 0.0527841 88.1077
0.0911161 0.0251941 0.995522 51.2335 0.0131926 0.999562 -0.0265038 -2.57986 -0.995753 0.0155484 0.0907438 88.1807
0.133216 0.0216148 0.990851 51.7493 0.0113628 0.999663 -0.0233347 -2.59741 -0.991022 0.0143674 0.132925 88.2743
0.178465 0.0172195 0.983795 52.2523 0.00867637 0.99978 -0.0190732 -2.61859 -0.983908 0.0119397 0.178277 88.3919
0.226048 0.0137139 0.97402 52.6532 0.0033688 0.999884 -0.0148599 -2.63769 -0.97411 0.00664032 0.225975 88.5564
0.277467 0.0122239 0.960657 53.1285 -7.99159e-05 0.999919 -0.0127004 -2.65399 -0.960735 0.00344718 0.277446 88.7272
0.332168 0.0118504 0.943146 53.5953 -0.000704186 0.999924 -0.0123158 -2.66797 -0.94322 0.00342676 0.332152 88.9243
0.389 0.0128433 0.921148 54.0475 0.00235627 0.999886 -0.0149361 -2.6804 -0.921235 0.00798063 0.388925 89.1481
0.44924 0.0159776 0.893268 54.4657 0.00346191 0.999801 -0.0196242 -2.69879 -0.893405 0.0119084 0.449095 89.39
0.508058 0.0196548 0.861098 54.8565 0.00450571 0.999665 -0.025476 -2.71094 -0.861311 0.0168232 0.5078 89.6707
0.564109 0.0236034 0.825363 55.1896 0.00123899 0.999566 -0.029432 -2.72701 -0.825699 0.0176255 0.563835 89.9786
0.619555 0.0264528 0.784507 55.5346 -0.00246905 0.999493 -0.031752 -2.74131 -0.784949 0.0177351 0.619307 90.3138
0.672022 0.026781 0.740047 55.8506 -0.00351696 0.99945 -0.0329747 -2.76293 -0.740523 0.019557 0.671747 90.6671
0.721204 0.0238761 0.692312 56.0717 -0.00246222 0.999488 -0.0319049 -2.78137 -0.692719 0.0213053 0.720893 90.9807
0.766369 0.0203024 0.64208 56.3397 -0.00419414 0.999637 -0.0266022 -2.79839 -0.642387 0.0176941 0.766176 91.3678
0.807779 0.014604 0.589305 56.5892 -0.00392775 0.999804 -0.0193929 -2.81539 -0.589473 0.0133505 0.807678 91.782
0.845302 0.0130384 0.534129 56.7737 -0.00686898 0.999885 -0.0135371 -2.82244 -0.534244 0.00777404 0.845295 92.1617
0.876548 0.00926636 0.481226 56.9688 -0.00711938 0.999955 -0.00628701 -2.83365 -0.481262 0.00208484 0.876574 92.603
0.902279 0.00957673 0.431047 57.1346 -0.0102992 0.999947 -0.000657702 -2.85021 -0.43103 -0.003846 0.902329 93.0531
0.922949 0.0110408 0.384765 57.2463 -0.0128869 0.999914 0.00221972 -2.85123 -0.384707 -0.00700711 0.923012 93.4506
0.938354 0.0168394 0.345266 57.3735 -0.0197239 0.999794 0.00484259 -2.85794 -0.345114 -0.011354 0.938492 93.9204
0.950446 0.0210015 0.310181 57.4966 -0.023315 0.999721 0.00375284 -2.85955 -0.310016 -0.0107987 0.95067 94.4016
0.96011 0.0223727 0.278726 57.5575 -0.0243614 0.999696 0.00367265 -2.85798 -0.27856 -0.0103163 0.960364 94.7568
0.966325 0.016691 0.256781 57.6808 -0.0182388 0.999827 0.00364723 -2.86237 -0.256676 -0.0082078 0.966463 95.2331
0.970384 0.0137652 0.241173 57.7959 -0.0152585 0.999874 0.00432532 -2.86889 -0.241084 -0.00787717 0.970472 95.7162
0.973381 0.0178489 0.228497 57.8998 -0.0192672 0.999806 0.00397771 -2.87293 -0.228381 -0.00827432 0.973537 96.2139
0.975486 0.0233675 0.218819 57.9799 -0.0249074 0.999681 0.00428127 -2.87215 -0.218649 -0.00962655 0.975756 96.6883
0.976572 0.0315268 0.212867 58.0784 -0.0329253 0.999453 0.00302725 -2.87453 -0.212655 -0.00996503 0.977077 97.1992
0.976964 0.0378377 0.210022 58.1777 -0.0386237 0.999254 -0.000359417 -2.88309 -0.209879 -0.00776067 0.977697 97.7371
0.977146 0.0390709 0.208946 58.276 -0.039295 0.999223 -0.00307999 -2.88641 -0.208904 -0.00520092 0.977922 98.2394
0.976658 0.0376261 0.211481 58.3954 -0.0370496 0.999291 -0.00668912 -2.89243 -0.211582 -0.00130229 0.977359 98.8003
0.975813 0.0368974 0.215468 58.5221 -0.0349329 0.999306 -0.01292 -2.90499 -0.215796 0.00508057 0.976425 99.3457
0.97501 0.0359524 0.219232 58.661 -0.0327937 0.999299 -0.0180309 -2.90776 -0.219727 0.0103909 0.975506 99.9796
0.9738 0.0407335 0.223729 58.7856 -0.0377593 0.999133 -0.0175575 -2.91928 -0.224251 0.00864959 0.974493 100.57
0.97234 0.043818 0.229423 58.9178 -0.0418433 0.999033 -0.0134672 -2.93318 -0.229791 0.00349487 0.973234 101.171
0.971413 0.0405964 0.233898 59.0707 -0.0396132 0.999175 -0.00890175 -2.94744 -0.234066 -0.00061815 0.97222 101.747
0.970665 0.036322 0.237678 59.2278 -0.0365646 0.999326 -0.00338914 -2.95634 -0.23764 -0.00540086 0.971338 102.37
0.96986 0.033817 0.241306 59.39 -0.0351984 0.999379 0.0014151 -2.96924 -0.241109 -0.00986604 0.970448 103.004
0.969261 0.0294573 0.244265 59.5337 -0.0308617 0.999522 0.00192318 -2.96747 -0.244091 -0.00940248 0.969707 103.61
0.969296 0.0260855 0.244508 59.7045 -0.0266203 0.999645 -0.00111792 -2.97609 -0.24445 -0.00542527 0.969647 104.255
0.969435 0.0257856 0.243991 59.8717 -0.0245505 0.999666 -0.008102 -2.98471 -0.244118 0.00186426 0.969744 104.903
0.969531 0.0281802 0.243342 60.0314 -0.0252721 0.999567 -0.0150647 -2.98895 -0.243662 0.00845589 0.969823 105.603
0.970068 0.0313456 0.240801 60.19 -0.0276136 0.999441 -0.0188578 -2.99636 -0.241258 0.011644 0.970391 106.284
0.970696 0.0293406 0.238512 60.3492 -0.0266494 0.99954 -0.0145005 -3.01244 -0.238828 0.00771933 0.971031 106.985
0.971177 0.0250726 0.237038 60.529 -0.0241391 0.999685 -0.00684014 -3.02439 -0.237135 0.000921098 0.971476 107.68
0.971808 0.0251846 0.234425 60.6999 -0.0256373 0.999671 -0.00111684 -3.03707 -0.234376 -0.00492468 0.972133 108.392
0.972162 0.0286327 0.232556 60.8676 -0.0290189 0.999577 -0.00176095 -3.04725 -0.232508 -0.00503659 0.972582 109.12
0.972424 0.0342305 0.230695 61.0152 -0.0336901 0.999413 -0.00628242 -3.06144 -0.230774 -0.00166294 0.973006 109.864
0.973312 0.0348256 0.226829 61.1805 -0.0330872 0.999387 -0.0114624 -3.0745 -0.22709 0.0036513 0.973867 110.606
0.974269 0.0336177 0.222866 61.3527 -0.0312115 0.99941 -0.0143109 -3.0871 -0.223216 0.00698671 0.974744 111.376
0.975216 0.0316348 0.21898 61.5362 -0.0294526 0.999479 -0.0132236 -3.087 -0.219284 0.00644634 0.97564 112.16
0.976101 0.027845 0.215526 61.7151 -0.0260673 0.999599 -0.0110869 -3.10354 -0.215748 0.00520372 0.976435 112.949
0.9765 0.026776 0.213849 61.8842 -0.0255783 0.999638 -0.00836618 -3.11669 -0.213995 0.00269969 0.976831 113.755
0.976874 0.0227598 0.2126 62.0493 -0.0219955 0.99974 -0.00595966 -3.13675 -0.21268 0.00114559 0.977121 114.503
0.977092 0.0176735 0.212083 62.2318 -0.0170117 0.999843 -0.00494495 -3.14613 -0.212137 0.00122378 0.977239 115.317
0.977204 0.0184553 0.211499 62.4018 -0.0181874 0.999829 -0.00321174 -3.159 -0.211522 -0.000708111 0.977373 116.139
0.976979 0.0239084 0.211993 62.5522 -0.0233941 0.999714 -0.00493436 -3.17581 -0.21205 -0.000138614 0.977259 116.898
0.976733 0.0297042 0.21239 62.7262 -0.0286169 0.999557 -0.00819248 -3.19084 -0.212539 0.00192395 0.977151 117.726
0.976232 0.0385096 0.213278 62.8863 -0.0373198 0.999257 -0.00960342 -3.20547 -0.213489 0.00141569 0.976944 118.546
0.975392 0.0443345 0.215973 63.0829 -0.0433587 0.999017 -0.0092564 -3.21444 -0.216171 -0.000335719 0.976355 119.437
0.974573 0.0468606 0.219116 63.248 -0.0464087 0.998897 -0.00721151 -3.23149 -0.219212 -0.00314074 0.975672 120.268
0.973972 0.0475558 0.221625 63.4328 -0.046914 0.998866 -0.00816243 -3.24566 -0.221761 -0.00244731 0.975098 121.11
0.97357 0.0461947 0.223669 63.6013 -0.0449548 0.998932 -0.0106352 -3.27428 -0.223922 0.000299149 0.974607 121.883
0.973558 0.040067 0.2249 63.7981 -0.0389736 0.999197 -0.00930098 -3.28943 -0.225092 0.000289879 0.974337 122.723
0.973739 0.0331289 0.225244 63.9945 -0.0314996 0.999445 -0.0108247 -3.30811 -0.225478 0.00344537 0.974242 123.563
0.973546 0.0323905 0.226184 64.1941 -0.0307148 0.999468 -0.010925 -3.32193 -0.226418 0.00368883 0.974023 124.379
0.973049 0.0348419 0.22795 64.3783 -0.0338813 0.999393 -0.00812714 -3.33647 -0.228095 0.000184837 0.973639 125.224
0.972718 0.0366865 0.22907 64.5706 -0.0371444 0.999307 -0.00231403 -3.35237 -0.228996 -0.00625777 0.973407 126.067
0.972288 0.0406245 0.230229 64.7656 -0.0422116 0.999107 0.00197034 -3.38371 -0.229943 -0.0116341 0.973135 126.926
0.972062 0.0396942 0.231345 64.9536 -0.0397409 0.9992 -0.00446011 -3.40294 -0.231337 -0.00485834 0.972862 127.752
0.972244 0.0358558 0.231204 65.1497 -0.0323897 0.999299 -0.0187711 -3.42374 -0.231715 0.0107615 0.972724 128.581
0.972658 0.0322741 0.229991 65.3582 -0.0266136 0.999263 -0.0276722 -3.44314 -0.230714 0.0207947 0.972799 129.394
0.972863 0.029426 0.229501 65.5505 -0.0258176 0.999492 -0.01871 -3.45982 -0.229935 0.0122771 0.973129 130.222
0.973301 0.0223144 0.228444 65.7509 -0.0234151 0.999724 0.00210906 -3.48096 -0.228333 -0.00740179 0.973555 131.071
0.973557 0.0191972 0.227637 65.9336 -0.0238229 0.999561 0.0175901 -3.50568 -0.2272 -0.0225479 0.973587 131.875
0.973614 0.0239356 0.226943 66.1133 -0.0273385 0.999556 0.011863 -3.51496 -0.226558 -0.0177542 0.973836 132.694
0.973814 0.0323358 0.225033 66.2859 -0.032209 0.999472 -0.00423523 -3.51866 -0.225051 -0.00312377 0.974342 133.484
0.974155 0.0315728 0.223663 66.4771 -0.0296903 0.99949 -0.0117757 -3.53303 -0.22392 0.00483072 0.974596 134.349
0.974741 0.0275297 0.221637 66.6619 -0.0254006 0.9996 -0.0124514 -3.55183 -0.221891 0.00650721 0.97505 135.157
0.975378 0.0270221 0.218878 66.8426 -0.0252582 0.999622 -0.0108533 -3.57662 -0.219089 0.00505763 0.975692 135.986
0.97615 0.0276713 0.215329 67.0022 -0.0256127 0.999596 -0.012345 -3.58776 -0.215583 0.00653541 0.976464 136.729
0.977189 0.0283823 0.210469 67.1698 -0.0260624 0.999565 -0.013789 -3.61126 -0.210768 0.0079891 0.977503 137.537
0.977653 0.0333424 0.207566 67.3225 -0.0311628 0.99942 -0.0137629 -3.6379 -0.207904 0.00698705 0.978124 138.334
0.977885 0.039382 0.205401 67.4834 -0.037289 0.999206 -0.0140523 -3.65527 -0.205791 0.00608233 0.978577 139.13
0.978215 0.0406486 0.203576 67.6411 -0.0389923 0.999166 -0.0121419 -3.67675 -0.2039 0.00393947 0.978984 139.927
0.978526 0.0385444 0.202488 67.8037 -0.0378584 0.999257 -0.00726127 -3.69566 -0.202618 -0.000560539 0.979258 140.739
0.978826 0.0373457 0.201258 67.9543 -0.0366346 0.999302 -0.00725834 -3.72108 -0.201389 -0.000268351 0.979511 141.549
0.979393 0.0358468 0.198755 68.112 -0.0345332 0.999353 -0.0100728 -3.74576 -0.198987 0.00300161 0.979997 142.355
0.980526 0.0313357 0.193875 68.2762 -0.0291487 0.999475 -0.0141239 -3.75533 -0.194216 0.00819761 0.980925 143.141
0.981913 0.0287484 0.187139 68.4321 -0.0263312 0.999535 -0.0153899 -3.76944 -0.187495 0.0101839 0.982213 143.928
0.983176 0.0268007 0.180683 68.5803 -0.025392 0.999626 -0.0101057 -3.78708 -0.180886 0.00534781 0.98349 144.734
0.984309 0.0241983 0.174787 68.7169 -0.0243272 0.999703 -0.0014054 -3.8137 -0.17477 -0.00286874 0.984605 145.538
0.984979 0.0213423 0.171353 68.8462 -0.0230091 0.999705 0.00774688 -3.81183 -0.171137 -0.0115732 0.985179 146.342
0.985452 0.028287 0.167581 68.9609 -0.0304331 0.999484 0.0102514 -3.8144 -0.167204 -0.0152023 0.985805 147.142
0.98617 0.0311182 0.162792 69.0798 -0.0324934 0.999455 0.00579121 -3.8261 -0.162523 -0.0110008 0.986643 147.939
0.987453 0.0307877 0.154886 69.2207 -0.0305138 0.999526 -0.00414611 -3.83814 -0.15494 -0.000632057 0.987924 148.751
0.988536 0.0274159 0.148473 69.3393 -0.0262736 0.999608 -0.00964969 -3.84402 -0.14868 0.00563814 0.988869 149.541
0.989553 0.0263952 0.141735 69.4518 -0.0254461 0.99964 -0.0085046 -3.85996 -0.141909 0.00480914 0.989868 150.353
0.990354 0.0338041 0.134375 69.5385 -0.0333971 0.999428 -0.00528244 -3.88156 -0.134477 0.000743731 0.990916 151.137
0.991163 0.0396629 0.126578 69.6218 -0.0391038 0.999211 -0.00689957 -3.8941 -0.126752 0.00188892 0.991933 151.968
0.992342 0.0422402 0.116078 69.715 -0.0410633 0.999078 -0.0125122 -3.91355 -0.116499 0.00764984 0.993161 152.767
0.993328 0.0403172 0.108045 69.7848 -0.0388943 0.999127 -0.0152449 -3.91003 -0.108566 0.0109408 0.994029 153.592
0.9942 0.0399725 0.0998444 69.8627 -0.0389251 0.999165 -0.0124173 -3.92472 -0.100257 0.00845883 0.994926 154.403
0.994804 0.0431264 0.0922244 69.9281 -0.0428224 0.999069 -0.00527261 -3.94353 -0.0923659 0.00129594 0.995724 155.236
0.995491 0.0445424 0.0837513 69.9895 -0.0447421 0.998998 0.000509223 -3.95954 -0.0836447 -0.00425414 0.996487 156.095
0.996126 0.0437645 0.0762703 70.0439 -0.0441796 0.999017 0.00376307 -3.96581 -0.0760306 -0.00711808 0.99708 156.92
0.996526 0.0446584 0.0702935 70.0879 -0.0451794 0.998962 0.00583854 -3.97176 -0.0699598 -0.00899408 0.997509 157.752
0.996852 0.0435941 0.0662174 70.1402 -0.0439871 0.999022 0.00448747 -3.98479 -0.065957 -0.00738605 0.997795 158.594
0.996917 0.0486872 0.0615255 70.1815 -0.048722 0.998812 -0.00093513 -3.99704 -0.0614979 -0.0020654 0.998105 159.422
0.996857 0.0543688 0.0576199 70.2159 -0.0540203 0.998511 -0.0075887 -4.00523 -0.0579466 0.00445221 0.99831 160.23
0.997005 0.0550464 0.0543173 70.2671 -0.0545994 0.998461 -0.0096811 -4.02461 -0.0547666 0.00668642 0.998477 161.057
0.99707 0.0568529 0.0511762 70.3069 -0.0567472 0.998382 -0.00351672 -4.03502 -0.0512934 0.000602312 0.998683 161.883
0.997066 0.0586495 0.0491814 70.344 -0.0590563 0.998231 0.00685782 -4.04292 -0.0486922 -0.00974217 0.998766 162.722
0.997039 0.0612915 0.0464495 70.3641 -0.0620088 0.997975 0.014161 -4.04452 -0.0454875 -0.0169993 0.99882 163.578
0.99747 0.0577159 0.0414978 70.3916 -0.0582265 0.998241 0.0112006 -4.05412 -0.0407784 -0.0135886 0.999076 164.398
0.99831 0.0457289 0.0358598 70.4227 -0.0458066 0.998949 0.00134772 -4.06431 -0.0357605 -0.00298806 0.999356 165.223
0.998716 0.041881 0.0284874 70.4503 -0.0418042 0.99912 -0.00328742 -4.06431 -0.0286 0.00209231 0.999589 166.047
0.998717 0.0457664 0.0216609 70.4554 -0.0457319 0.998952 -0.0020857 -4.06894 -0.0217337 0.00109243 0.999763 166.883
0.998924 0.0441408 0.0142108 70.4605 -0.0442073 0.999013 0.00439929 -4.08128 -0.0140026 -0.00502278 0.999889 167.707
0.999257 0.0380107 0.00643867 70.4753 -0.0380612 0.999244 0.00791495 -4.08958 -0.00613296 -0.00815413 0.999948 168.561
0.999561 0.0296109 0.000907205 70.4744 -0.0296198 0.999487 0.0121537 -4.08999 -0.000546856 -0.0121753 0.999926 169.414
0.999663 0.0253801 -0.00546463 70.4765 -0.0253128 0.999607 0.0120508 -4.09346 0.00576834 -0.0119084 0.999912 170.23
0.999693 0.0216621 -0.0119901 70.4711 -0.0216048 0.999755 0.00488467 -4.09213 0.012093 -0.00462413 0.999916 171.069
0.999733 0.0123672 -0.0195144 70.4552 -0.0124703 0.999909 -0.00517167 -4.09935 0.0194487 0.00541364 0.999796 171.902
0.999652 0.00181383 -0.0263258 70.4529 -0.00205948 0.999955 -0.0093071 -4.10493 0.0263077 0.00935808 0.99961 172.739
0.99947 0.00651357 -0.0318969 70.412 -0.00657306 0.999977 -0.00176058 -4.10807 0.0318847 0.00196931 0.99949 173.545
0.999174 0.0173364 -0.0367615 70.3579 -0.0169264 0.999791 0.0114354 -4.11145 0.036952 -0.0108037 0.999259 174.403
0.998905 0.0217001 -0.0414413 70.3081 -0.0209123 0.999594 0.0193495 -4.12525 0.0418444 -0.0184616 0.998954 175.242
0.99873 0.022372 -0.045146 70.2465 -0.0216508 0.999631 0.0164017 -4.1325 0.0454963 -0.0154035 0.998846 176.101
0.998591 0.0241329 -0.0472546 70.1947 -0.0238872 0.999698 0.00575684 -4.13346 0.0473792 -0.00461995 0.998866 176.937
0.998098 0.0355373 -0.0503784 70.1424 -0.0357496 0.999355 -0.0033195 -4.14013 0.050228 0.0051142 0.998725 177.772
0.998086 0.0320462 -0.0528889 70.0911 -0.0324656 0.999448 -0.00708957 -4.13939 0.0526325 0.00879307 0.998575 178.645
0.99812 0.0264353 -0.0553013 70.0487 -0.0265955 0.999644 -0.00216346 -4.1503 0.0552244 0.00363016 0.998467 179.515
0.998124 0.0263131 -0.0552893 70.0029 -0.0259916 0.999641 0.00652669 -4.15474 0.0554412 -0.00507739 0.998449 180.363
0.998109 0.0270939 -0.0551731 69.9482 -0.0264657 0.999577 0.0120859 -4.17507 0.0554771 -0.0106029 0.998404 181.203
0.998009 0.0269246 -0.0570324 69.9003 -0.026322 0.99959 0.011291 -4.18166 0.057313 -0.00976727 0.998308 182.055
0.997973 0.0233856 -0.0591808 69.8438 -0.0232934 0.999726 0.00224809 -4.18863 0.0592172 -0.000865008 0.998245 182.911
0.998021 0.014352 -0.0612209 69.7971 -0.0149594 0.999843 -0.00947582 -4.19301 0.0610753 0.0103729 0.998079 183.77
0.997994 0.00392381 -0.0631902 69.7517 -0.00478506 0.999898 -0.0134839 -4.20618 0.0631308 0.0137593 0.99791 184.622
0.997913 0.00699131 -0.0641922 69.6938 -0.00757935 0.999931 -0.00892165 -4.22163 0.0641254 0.00938956 0.997898 185.48
0.997808 0.0127775 -0.0649274 69.6222 -0.012661 0.999917 0.00220441 -4.24795 0.0649502 -0.00137752 0.997888 186.28
0.997698 0.0138986 -0.0663672 69.5581 -0.0135398 0.999891 0.0058533 -4.26225 0.0664413 -0.00494123 0.997778 187.128
0.997655 0.0129619 -0.067201 69.4986 -0.0128468 0.999915 0.00214532 -4.27279 0.0672231 -0.00127697 0.997737 187.976
0.997647 0.0132381 -0.0672662 69.4459 -0.0135385 0.9999 -0.00401252 -4.27581 0.0672064 0.00491376 0.997727 188.819
0.997516 0.0204719 -0.0674019 69.3674 -0.0208145 0.999774 -0.00438429 -4.28489 0.0672969 0.00577633 0.997716 189.675
0.997427 0.0225915 -0.0680408 69.3108 -0.0227406 0.99974 -0.00141685 -4.29539 0.0679912 0.0029605 0.997682 190.495
0.997289 0.0265754 -0.0686174 69.2493 -0.0265 0.999647 0.0020081 -4.31134 0.0686466 -0.000184291 0.997641 191.334
0.997193 0.0303875 -0.0684308 69.1781 -0.0301345 0.999535 0.00472643 -4.31619 0.0685426 -0.00265103 0.997645 192.171
0.997056 0.0331991 -0.0691201 69.1115 -0.0329867 0.999447 0.00421234 -4.32017 0.0692217 -0.00191989 0.997599 193.017
0.997098 0.0310152 -0.0695284 69.0531 -0.0310232 0.999518 0.000964314 -4.34824 0.0695248 0.00119548 0.99758 193.811
0.996966 0.0326729 -0.0706436 68.9894 -0.0330725 0.999443 -0.00449304 -4.35679 0.0704574 0.00681576 0.997492 194.607
0.996813 0.0348353 -0.0717631 68.9149 -0.0352308 0.99937 -0.00425278 -4.36618 0.0715697 0.0067675 0.997413 195.433
0.996645 0.0362474 -0.0733783 68.8546 -0.0359441 0.999339 0.00545002 -4.37043 0.0735273 -0.00279422 0.997289 196.232
