1 0 0 0 0 1 0 0 0 0 1 0
0.999965 -0.000851274 -0.00833756 -0.0149964 0.000854221 1 0.000349903 -0.0263416 0.00833726 -0.000357013 0.999965 1.03625
0.999901 0.00332256 -0.0136521 0.00466807 -0.00340456 0.999976 -0.0059872 0.0161316 0.0136319 0.00603309 0.999889 1.55469
0.99981 0.00292984 -0.0192536 -0.00130823 -0.00305919 0.999973 -0.00669229 0.0102265 0.0192335 0.00674992 0.999792 2.07513
0.999684 0.00195634 -0.0250476 0.00206322 -0.00212388 0.999976 -0.00666387 -0.00846423 0.025034 0.00671497 0.999664 2.59567
0.999624 0.00556181 -0.0268626 -0.101364 -0.00572504 0.999966 -0.00600346 -0.0275705 0.0268282 0.00615499 0.999621 4.41684
0.999496 0.00608905 -0.0311396 -0.131848 -0.00623062 0.999971 -0.00445127 -0.0346787 0.0311116 0.00464304 0.999505 5.20684
0.999355 0.00505576 -0.0355423 -0.164214 -0.00512313 0.999985 -0.00180455 -0.0421781 0.0355326 0.00198547 0.999367 6.0141
0.99922 0.00457886 -0.0392349 -0.196837 -0.00455055 0.999989 0.000811006 -0.0506568 0.0392382 -0.000631833 0.99923 6.85099
0.99911 0.00598425 -0.0417435 -0.239984 -0.00598089 0.999982 0.00020521 -0.059736 0.041744 4.46359e-05 0.999128 7.67105
0.999018 0.00540421 -0.0439755 -0.279659 -0.00540796 0.999985 3.37815e-05 -0.0650502 0.043975 0.000204069 0.999033 8.49939
0.998947 0.00294663 -0.0457762 -0.319954 -0.00297518 0.999995 -0.000555496 -0.0703466 0.0457743 0.000691104 0.998952 9.36868
0.99886 0.00277651 -0.0476635 -0.362637 -0.00276953 0.999996 0.00021253 -0.0758367 0.0476639 -8.02819e-05 0.998863 10.2149
0.998789 0.00119529 -0.0491937 -0.403899 -0.00119367 0.999999 6.22665e-05 -0.0858844 0.0491937 -3.4699e-06 0.998789 11.0711
0.998679 0.00367448 -0.0512452 -0.453989 -0.00379043 0.99999 -0.00216562 -0.0981354 0.0512367 0.002357 0.998684 11.939
0.998611 0.00426622 -0.0525119 -0.508044 -0.00452248 0.999978 -0.00476233 -0.106322 0.0524905 0.0049932 0.998609 12.8138
0.99849 0.0079037 -0.0543566 -0.562255 -0.00825619 0.999946 -0.00626331 -0.118625 0.0543041 0.00670263 0.998502 13.6906
0.998432 0.00866265 -0.0553061 -0.614641 -0.00899746 0.999943 -0.00580752 -0.130531 0.0552527 0.00629603 0.998453 14.5488
0.998364 0.00775187 -0.0566428 -0.669656 -0.00800354 0.999959 -0.00421761 -0.146739 0.0566078 0.00466406 0.998386 15.4486
0.998282 0.00844271 -0.0579776 -0.728381 -0.00861652 0.999959 -0.00274844 -0.156537 0.0579521 0.00324329 0.998314 16.3546
0.998246 0.00810781 -0.0586366 -0.786913 -0.00827567 0.999962 -0.00262053 -0.169227 0.0586131 0.00310119 0.998276 17.2738
0.998148 0.00777127 -0.0603387 -0.844892 -0.00799394 0.999962 -0.0034499 -0.179268 0.0603096 0.00392586 0.998172 18.189
0.998092 0.00633459 -0.061411 -0.900678 -0.0065997 0.99997 -0.00411509 -0.192058 0.061383 0.00451254 0.998104 19.1065
0.998042 0.00592746 -0.0622696 -0.95989 -0.00608932 0.999979 -0.00240988 -0.20308 0.062254 0.00278434 0.998056 20.0187
0.998037 0.00735164 -0.0621899 -1.02221 -0.00730069 0.999973 0.00104652 -0.215028 0.0621959 -0.000590434 0.998064 20.9559
0.998076 0.00829186 -0.0614464 -1.08367 -0.00801027 0.999956 0.00482774 -0.223184 0.0614838 -0.00432625 0.998099 21.9025
0.99819 0.00710022 -0.0597128 -1.15384 -0.00665486 0.999949 0.00765397 -0.223378 0.0597641 -0.00724274 0.998186 22.8689
0.99828 0.00729662 -0.0581635 -1.21338 -0.00681343 0.999941 0.00850145 -0.229324 0.058222 -0.00809054 0.998271 23.8158
0.998357 0.00762678 -0.0567854 -1.27002 -0.00731528 0.999957 0.0056915 -0.233551 0.0568264 -0.00526675 0.99837 24.7594
0.998392 0.00905192 -0.0559517 -1.32204 -0.00902569 0.999959 0.000721454 -0.245363 0.055956 -0.000215291 0.998433 25.7388
0.998471 0.00837001 -0.0546434 -1.37982 -0.00850222 0.999961 -0.00218756 -0.25415 0.054623 0.00264881 0.998504 26.7017
0.99853 0.00565387 -0.053904 -1.43227 -0.0057201 0.999983 -0.0010744 -0.264029 0.053897 0.00138115 0.998546 27.6821
0.99854 0.00477058 -0.0538026 -1.50254 -0.00458634 0.999983 0.00354719 -0.26207 0.0538186 -0.00329525 0.998545 28.6985
0.998506 0.000805032 -0.0546356 -1.55422 -0.000417489 0.999975 0.00710428 -0.273029 0.0546399 -0.00707085 0.998481 29.6848
0.998429 -0.00660982 -0.0556364 -1.60135 0.0069773 0.999955 0.0064134 -0.276385 0.0555915 -0.00679152 0.998431 30.6672
0.998306 -0.00925076 -0.0574464 -1.65407 0.00941996 0.999952 0.00267526 -0.283912 0.0574189 -0.00321187 0.998345 31.6497
0.998225 -0.00905482 -0.058867 -1.71523 0.0090036 0.999959 -0.00113531 -0.29398 0.0588748 0.000603279 0.998265 32.6387
0.998103 -0.0081521 -0.0610172 -1.78 0.00805147 0.999966 -0.0018948 -0.299908 0.0610305 0.00139992 0.998135 33.6386
0.998055 -0.00723585 -0.0619248 -1.84812 0.00719144 0.999974 -0.000940083 -0.317652 0.06193 0.000492926 0.99808 34.6621
0.998003 -0.00413628 -0.0630361 -1.92082 0.00426743 0.999989 0.00194609 -0.330494 0.0630274 -0.0022112 0.998009 35.6739
0.99792 -0.00399578 -0.0643417 -1.98812 0.00421061 0.999986 0.00320362 -0.339748 0.064328 -0.00346788 0.997923 36.6805
0.997883 -0.00233217 -0.0650002 -2.05113 0.00273035 0.999978 0.00603759 -0.3434 0.0649847 -0.00620228 0.997867 37.6613
0.997892 -0.00235527 -0.0648611 -2.11869 0.00295474 0.999954 0.00914805 -0.351397 0.0648366 -0.00932041 0.997852 38.6735
0.997861 0.00332621 -0.0652843 -2.19847 -0.00258037 0.99993 0.0115054 -0.35573 0.0653181 -0.0113123 0.9978 39.6827
0.997827 0.00247744 -0.065846 -2.26838 -0.0017538 0.999937 0.0110455 -0.353634 0.0658692 -0.010906 0.997769 40.678
0.997823 0.00274308 -0.0658865 -2.33465 -0.00213587 0.999955 0.00928474 -0.355178 0.065909 -0.00912381 0.997784 41.6861
0.997824 0.00498189 -0.0657469 -2.40893 -0.00453451 0.999966 0.00695216 -0.355441 0.0657792 -0.0066389 0.997812 42.6855
0.997761 0.00444406 -0.0667303 -2.48728 -0.00398627 0.999968 0.00699189 -0.364745 0.0667593 -0.00671023 0.997747 43.6923
0.997677 0.00246467 -0.068075 -2.55293 -0.00190678 0.999964 0.00825895 -0.37341 0.068093 -0.00810997 0.997646 44.6964
0.99764 0.00300267 -0.0685904 -2.63635 -0.00236818 0.999954 0.00932984 -0.37878 0.0686152 -0.00914539 0.997601 45.6883
0.997599 0.00486245 -0.0690799 -2.70619 -0.00446933 0.999973 0.00584421 -0.387451 0.0691065 -0.00552144 0.997594 46.6621
0.997539 0.00554723 -0.0699 -2.78203 -0.00544706 0.999984 0.00162355 -0.393549 0.0699079 -0.0012388 0.997553 47.6386
0.997493 0.00658381 -0.0704518 -2.85785 -0.00656689 0.999978 0.000471845 -0.404106 0.0704534 -8.01334e-06 0.997515 48.6315
0.997486 0.00452895 -0.0707235 -2.92778 -0.00426502 0.999983 0.00388248 -0.411438 0.0707399 -0.00357108 0.997488 49.5635
0.997468 0.00271758 -0.071061 -2.99263 -0.00221825 0.999972 0.00710474 -0.425406 0.0710783 -0.00692912 0.997447 50.5356
0.997459 0.000887717 -0.0712307 -3.06301 -0.000335836 0.99997 0.0077594 -0.432585 0.0712354 -0.00771576 0.99743 51.5085
0.997459 -0.00310416 -0.0711747 -3.13936 0.00358201 0.999972 0.00658712 -0.434192 0.0711522 -0.00682533 0.997442 52.4602
0.99741 -0.00554333 -0.0717131 -3.20675 0.00593132 0.999969 0.00519846 -0.441041 0.071682 -0.00561035 0.997412 53.4235
0.997331 -0.00712795 -0.0726631 -3.27984 0.00761321 0.999951 0.00640336 -0.448733 0.0726139 -0.00693947 0.997336 54.3771
0.997219 -0.00967214 -0.0738903 -3.34248 0.0104788 0.99989 0.0105372 -0.46256 0.0737803 -0.0112822 0.997211 55.3247
0.997177 -0.0104579 -0.0743516 -3.4156 0.0116402 0.999812 0.0154858 -0.466039 0.0741757 -0.0163075 0.997112 56.2786
0.997142 -0.0087949 -0.0750325 -3.48615 0.0101575 0.99979 0.0177982 -0.467969 0.0748602 -0.0185094 0.997022 57.2272
0.997024 -0.00907751 -0.076551 -3.57048 0.0101773 0.99985 0.0139889 -0.472954 0.0764125 -0.0147263 0.996968 58.1776
0.996945 -0.00744952 -0.0777474 -3.6506 0.00796222 0.999949 0.00628642 -0.476922 0.0776966 -0.00688626 0.996953 59.1016
0.996898 -0.00601477 -0.0784779 -3.72979 0.00615287 0.99998 0.00151804 -0.4829 0.0784672 -0.00199619 0.996915 60.0202
0.996803 -0.000970559 -0.0798907 -3.79838 0.00118343 0.999996 0.00261716 -0.502013 0.0798879 -0.00270334 0.9968 60.9273
0.996726 0.00172997 -0.0808356 -3.8782 -0.00133076 0.999987 0.0049922 -0.517377 0.0808432 -0.00486828 0.996715 61.8257
0.99662 0.00403968 -0.082047 -3.95584 -0.00351964 0.999973 0.00648199 -0.526839 0.0820709 -0.0061713 0.996607 62.7111
0.996572 0.00596644 -0.0825153 -4.0406 -0.00548539 0.999967 0.0060553 -0.528344 0.0825487 -0.00558191 0.996571 63.6113
0.996435 0.00773682 -0.0840032 -4.12154 -0.00718088 0.99995 0.00691824 -0.539007 0.0840525 -0.00629037 0.996441 64.4715
0.99632 0.0086049 -0.0852743 -4.20424 -0.00799909 0.99994 0.00744338 -0.546672 0.0853333 -0.00673387 0.99633 65.3278
0.996176 0.00854612 -0.0869558 -4.27591 -0.00789443 0.999938 0.00783561 -0.550789 0.0870174 -0.00711917 0.996181 66.1304
0.996074 0.0083398 -0.0881352 -4.3545 -0.0075952 0.999933 0.00878039 -0.555412 0.0882025 -0.00807652 0.99607 66.95
0.995929 0.011155 -0.0894498 -4.43273 -0.0101599 0.999881 0.0115724 -0.56043 0.0895683 -0.0106165 0.995924 67.7564
0.995785 0.0126097 -0.0908483 -4.50979 -0.0112017 0.999809 0.0159912 -0.580047 0.0910326 -0.0149062 0.995736 68.512
0.995593 0.0157328 -0.0924551 -4.58906 -0.01414 0.999741 0.0178577 -0.584345 0.092712 -0.0164717 0.995557 69.2828
0.995428 0.0184157 -0.0937277 -4.66966 -0.017199 0.999757 0.0137726 -0.591002 0.0939586 -0.0120976 0.995503 70.0338
0.995325 0.0190762 -0.0946848 -4.7405 -0.0185529 0.999807 0.00640407 -0.597069 0.0947887 -0.00461745 0.995487 70.7692
0.995194 0.018181 -0.0962192 -4.80741 -0.0182283 0.999834 0.000387806 -0.599545 0.0962103 0.00136797 0.99536 71.4839
0.995161 0.019055 -0.0963943 -4.88916 -0.0192255 0.999815 -0.00084004 -0.600931 0.0963604 0.0026892 0.995343 72.1782
0.995025 0.0214298 -0.0972936 -4.95584 -0.0212274 0.99977 0.0031147 -0.618703 0.097338 -0.00103391 0.995251 72.8034
0.994899 0.0216791 -0.0985165 -5.02608 -0.0212385 0.999759 0.00551866 -0.636981 0.0986124 -0.00339817 0.99512 73.4598
0.994854 0.0183886 -0.0996327 -5.08554 -0.0182423 0.999831 0.00237906 -0.650657 0.0996595 -0.000549287 0.995021 74.0901
0.99497 0.0105506 -0.0996177 -5.1311 -0.0108607 0.999938 -0.00257099 -0.665644 0.0995844 0.00363997 0.995022 74.6898
0.995111 0.006516 -0.0985507 -5.18653 -0.00727361 0.999947 -0.00733013 -0.67624 0.0984977 0.00801111 0.995105 75.2841
0.995413 0.00916702 -0.0952332 -5.25019 -0.00993164 0.999922 -0.00755802 -0.686116 0.0951565 0.00846917 0.995426 75.8709
0.995727 0.0139424 -0.0912837 -5.31512 -0.0144279 0.999885 -0.00466113 -0.691797 0.0912082 0.00595824 0.995814 76.4949
0.996174 0.0124383 -0.0865046 -5.36259 -0.012617 0.999919 -0.00152028 -0.702984 0.0864787 0.00260589 0.99625 77.0517
0.996678 0.00859909 -0.0809868 -5.39239 -0.00839663 0.999961 0.00284027 -0.716609 0.081008 -0.00215081 0.996711 77.602
0.997337 0.00319694 -0.0728606 -5.42461 -0.00276428 0.999978 0.00603819 -0.724154 0.0728783 -0.0058207 0.997324 78.1235
0.99805 0.00678405 -0.0620571 -5.45764 -0.00642691 0.999962 0.00595278 -0.732694 0.0620951 -0.00554234 0.998055 78.6399
0.998827 0.0120451 -0.046896 -5.48035 -0.0118047 0.999916 0.0054006 -0.73775 0.0469571 -0.00484067 0.998885 79.1454
0.999438 0.0170038 -0.028878 -5.50777 -0.0168386 0.99984 0.00595427 -0.73975 0.0289746 -0.00546466 0.999565 79.6447
0.999858 0.0153983 -0.00677681 -5.49743 -0.0153555 0.999862 0.0063215 -0.743673 0.00687321 -0.00621654 0.999957 80.1241
0.999741 0.0120915 0.0192966 -5.4614 -0.0122303 0.9999 0.00708747 -0.745313 -0.019209 -0.00732163 0.999789 80.596
0.998744 0.0108993 0.0489087 -5.41906 -0.0113371 0.999898 0.00868289 -0.753431 -0.0488091 -0.00922646 0.998766 81.0481
0.996597 0.00995375 0.0818229 -5.35862 -0.0108463 0.999886 0.0104707 -0.768231 -0.0817094 -0.0113225 0.996592 81.4698
0.992823 0.0101374 0.119167 -5.27706 -0.0114934 0.999877 0.0106975 -0.76971 -0.119043 -0.0119904 0.992817 81.9121
0.987009 0.00956074 0.160379 -5.18692 -0.011445 0.999876 0.0108291 -0.772193 -0.160256 -0.0125239 0.986996 82.3295
0.978629 0.00932199 0.20542 -5.06849 -0.0117454 0.999875 0.010581 -0.774233 -0.205296 -0.0127677 0.978617 82.7534
0.966987 0.0111944 0.254578 -4.93714 -0.0138596 0.999866 0.00867792 -0.784897 -0.254447 -0.0119198 0.967013 83.1576
0.951563 0.0120032 0.307219 -4.7781 -0.0144528 0.999879 0.00569956 -0.791197 -0.307114 -0.00986367 0.951622 83.5841
0.93167 0.0123583 0.363095 -4.59869 -0.0145911 0.999888 0.00340719 -0.794456 -0.363012 -0.00847232 0.931746 83.9558
0.907204 0.012979 0.420492 -4.40014 -0.0150169 0.999886 0.00153598 -0.801437 -0.420424 -0.0077079 0.907295 84.3092
0.878767 0.013096 0.477072 -4.17259 -0.014626 0.999893 -0.000506887 -0.806333 -0.477027 -0.00653219 0.878864 84.6097
0.845024 0.0117235 0.5346 -3.93004 -0.0120897 0.999923 -0.002818 -0.811941 -0.534591 -0.00408187 0.845101 84.9237
0.807748 0.0108667 0.589428 -3.67403 -0.0108834 0.999935 -0.00352037 -0.827567 -0.589428 -0.0035714 0.807813 85.2186
0.769028 0.00938204 0.639146 -3.38776 -0.0101542 0.999945 -0.00246058 -0.841348 -0.639134 -0.00459775 0.769082 85.4606
0.725965 0.00893784 0.687674 -3.09363 -0.0118671 0.999929 -0.000468408 -0.847718 -0.687629 -0.00782065 0.72602 85.7204
0.680691 0.00791172 0.732528 -2.78689 -0.0116151 0.999933 -6.63566e-06 -0.856961 -0.732479 -0.0085039 0.680737 85.9493
0.635578 0.00621239 0.772012 -2.4968 -0.00807729 0.999966 -0.00139691 -0.865203 -0.771995 -0.00534792 0.635607 86.0909
0.588624 0.00364388 0.808399 -2.16264 -0.00274271 0.999993 -0.00251043 -0.872074 -0.808403 -0.000739506 0.58863 86.2789
0.54189 0.00561749 0.840431 -1.82752 -0.00501682 0.999981 -0.00344921 -0.883176 -0.840434 -0.00234719 0.541908 86.4513
0.494746 0.00861049 0.868995 -1.52909 -0.00929182 0.999946 -0.00461791 -0.893431 -0.868988 -0.00578985 0.494799 86.578
0.448979 0.0108321 0.893477 -1.18075 -0.0104967 0.999921 -0.00684795 -0.901689 -0.893481 -0.00630398 0.449057 86.7237
0.40666 0.0081948 0.913543 -0.81659 -0.00344451 0.999966 -0.00743673 -0.908351 -0.913573 -0.000122489 0.406674 86.8396
0.366999 0.000641632 0.930221 -0.514915 0.0114047 0.999922 -0.00518918 -0.910754 -0.930151 0.0125133 0.366963 86.8873
0.331791 -0.0030144 0.943348 -0.148905 0.0152995 0.999881 -0.00218605 -0.913575 -0.943229 0.0151581 0.331798 86.9773
0.298685 0.00101312 0.954351 0.219091 0.0122495 0.999913 -0.00489523 -0.922156 -0.954273 0.0131524 0.298647 87.0739
0.267219 0.00887241 0.963595 0.546745 0.00150033 0.999953 -0.00962324 -0.936665 -0.963635 0.00401722 0.267193 87.1579
0.239014 0.0131912 0.970927 0.929327 -0.00342021 0.999913 -0.012743 -0.952305 -0.97101 -0.000275002 0.239038 87.242
0.213545 0.0147681 0.976822 1.32148 -0.00229014 0.999891 -0.0146162 -0.969174 -0.97693 0.000884176 0.213556 87.3061
0.190232 0.0160051 0.981609 1.7226 0.00514575 0.999837 -0.0172995 -0.980728 -0.981726 0.00834204 0.190118 87.3586
0.169962 0.0224028 0.985196 2.15439 0.0116676 0.999626 -0.0247437 -0.977162 -0.985382 0.0157004 0.169637 87.4102
0.150317 0.0291336 0.988209 2.58262 0.0136429 0.999409 -0.0315391 -0.97711 -0.988544 0.0182229 0.149831 87.462
0.132248 0.0300767 0.99076 3.02063 0.0109851 0.999434 -0.0318063 -0.991051 -0.991156 0.0150899 0.131843 87.522
0.11681 0.0256043 0.992824 3.48071 0.00883339 0.999601 -0.0268183 -1.01515 -0.993115 0.0119026 0.116537 87.5703
0.102279 0.022316 0.994505 3.95914 0.00907966 0.999686 -0.0233661 -1.03472 -0.994714 0.0114196 0.102044 87.6159
0.0890322 0.019777 0.995832 4.45895 0.0118093 0.999712 -0.0209098 -1.0538 -0.995959 0.0136217 0.088773 87.6478
0.0773938 0.0190371 0.996819 4.91837 0.0165839 0.999655 -0.0203788 -1.06367 -0.996863 0.0181084 0.0770514 87.6665
0.0673067 0.0196493 0.997539 5.44508 0.0194158 0.999591 -0.0209998 -1.08098 -0.997543 0.0207814 0.0668977 87.6955
0.0592606 0.020186 0.998038 5.98691 0.0212724 0.999543 -0.0214795 -1.093 -0.998016 0.0225035 0.0588041 87.7251
0.0534194 0.0206401 0.998359 6.50457 0.0226118 0.999505 -0.0218737 -1.10722 -0.998316 0.0237432 0.0529263 87.7449
0.0480119 0.0216189 0.998613 7.07447 0.0241095 0.999449 -0.0227961 -1.12445 -0.998556 0.0251706 0.0474642 87.7646
0.0418125 0.0223168 0.998876 7.67473 0.024355 0.999431 -0.0233486 -1.13996 -0.998829 0.0253039 0.0412452 87.7968
0.0373842 0.0223174 0.999052 8.28579 0.0268944 0.999366 -0.0233308 -1.1573 -0.998939 0.0277411 0.0367603 87.8101
0.0347202 0.0224037 0.999146 8.91398 0.0288178 0.999311 -0.0234088 -1.17117 -0.998982 0.029606 0.0340507 87.8225
0.0316113 0.0219768 0.999259 9.56552 0.0290294 0.999316 -0.0228964 -1.19023 -0.999079 0.0297316 0.0309517 87.8405
0.0290787 0.0214004 0.999348 10.2543 0.0315184 0.999254 -0.0223155 -1.21005 -0.99908 0.0321468 0.0283825 87.8612
0.0282548 0.0209954 0.99938 10.9342 0.0360552 0.999107 -0.0220091 -1.23048 -0.99895 0.0366547 0.0274726 87.8816
0.0292857 0.020599 0.999359 11.6225 0.0397719 0.998972 -0.0217565 -1.24981 -0.99878 0.0403836 0.0284363 87.896
0.0317658 0.0205479 0.999284 12.3397 0.0412602 0.998909 -0.0218518 -1.27055 -0.998643 0.0419248 0.0308833 87.9136
0.0355529 0.0204111 0.999159 13.0685 0.0436448 0.998806 -0.0219568 -1.29309 -0.998414 0.0443887 0.0346196 87.9436
0.0398585 0.0199723 0.999006 13.8123 0.0442428 0.998784 -0.0217331 -1.30943 -0.998225 0.045065 0.0389265 87.9756
0.0437869 0.0184713 0.99887 14.5393 0.0450892 0.998774 -0.020446 -1.32448 -0.998023 0.0459335 0.0429003 88
0.0477384 0.0168667 0.998717 15.333 0.0449843 0.998807 -0.0190184 -1.34895 -0.997846 0.0458345 0.0469227 88.0436
0.0518457 0.0145912 0.998549 16.1164 0.0417151 0.998989 -0.0167636 -1.37498 -0.997783 0.0425237 0.0511846 88.0901
0.0556119 0.0138132 0.998357 16.9227 0.0407104 0.999041 -0.0160904 -1.39087 -0.997622 0.0415384 0.0549962 88.1501
0.0597443 0.0148627 0.998103 17.7438 0.0379741 0.999132 -0.017151 -1.41138 -0.997491 0.0389267 0.059128 88.2021
0.0631386 0.0187987 0.997828 18.5428 0.0360617 0.999127 -0.021105 -1.43572 -0.997353 0.0373159 0.0624056 88.2475
0.0640206 0.0242062 0.997655 19.3226 0.0296645 0.999218 -0.0261477 -1.45265 -0.997508 0.0312689 0.0632525 88.3197
0.0640825 0.0272642 0.997572 20.1508 0.0270984 0.999211 -0.0290497 -1.48065 -0.997577 0.0288942 0.0632931 88.378
0.0642712 0.0268483 0.997571 20.9612 0.0252234 0.999275 -0.0285193 -1.50365 -0.997614 0.0269951 0.0635474 88.4331
0.0638864 0.0250579 0.997643 21.815 0.0213471 0.999422 -0.0264696 -1.55265 -0.997729 0.0229878 0.0633145 88.502
0.0636512 0.0239768 0.997684 22.6319 0.022617 0.99942 -0.0254614 -1.58033 -0.997716 0.0241853 0.063072 88.56
0.0641653 0.02338 0.997665 23.4903 0.020674 0.99948 -0.0247522 -1.61094 -0.997725 0.022214 0.0636485 88.6243
0.0639756 0.0233723 0.997678 24.2531 0.0182718 0.999531 -0.0245874 -1.64466 -0.997784 0.0198023 0.0635185 88.6824
0.0642218 0.0239622 0.997648 25.0883 0.0157851 0.999562 -0.0250243 -1.6746 -0.997811 0.0173551 0.0638154 88.7432
0.0630733 0.0254356 0.997685 25.9088 0.0129876 0.99957 -0.0263047 -1.70498 -0.997924 0.0146167 0.0627158 88.8041
0.0600716 0.0251491 0.997877 26.765 0.00988033 0.999619 -0.0257878 -1.73806 -0.998145 0.0114085 0.0598002 88.8647
0.0562954 0.0239728 0.998126 27.5819 0.00750343 0.999673 -0.0244332 -1.76789 -0.998386 0.00886485 0.0560971 88.9151
0.0513125 0.021556 0.99845 28.3935 0.00529356 0.999747 -0.0218561 -1.79917 -0.998669 0.00640684 0.0511854 88.9633
0.0444434 0.0191533 0.998828 29.2527 0.00149516 0.999814 -0.0192387 -1.83513 -0.999011 0.00234844 0.0444065 89.0232
0.0372163 0.0192652 0.999122 30.048 0.00155935 0.999812 -0.0193366 -1.86415 -0.999306 0.00227761 0.0371793 89.0481
0.0283157 0.0199043 0.999401 30.82 0.000411138 0.999801 -0.0199239 -1.89866 -0.999599 0.00097505 0.0283019 89.0754
0.0190058 0.0203532 0.999612 31.6662 0.00224768 0.999789 -0.0203996 -1.92257 -0.999817 0.00263452 0.018956 89.0842
0.00863921 0.0194109 0.999774 32.4572 0.00363593 0.999804 -0.0194429 -1.94653 -0.999956 0.00380308 0.00856694 89.0948
-0.00211041 0.0184064 0.999828 33.2609 0.00238356 0.999828 -0.0184014 -1.9766 -0.999995 0.00234431 -0.00215392 89.0943
-0.0132742 0.0172021 0.999764 34.0621 0.00306406 0.999848 -0.0171628 -2.01619 -0.999907 0.00283551 -0.0133249 89.0914
-0.0242308 0.0174359 0.999554 34.8518 0.00309899 0.999844 -0.0173659 -2.04667 -0.999702 0.00267682 -0.0242811 89.0663
-0.0350916 0.01813 0.99922 35.6325 0.00350542 0.999832 -0.018018 -2.06694 -0.999378 0.0028704 -0.0351492 89.0339
-0.0462146 0.0197935 0.998735 36.4273 0.00329836 0.999801 -0.019662 -2.07873 -0.998926 0.00238552 -0.0462707 88.9903
-0.0568736 0.0208186 0.998164 37.1976 0.00355111 0.99978 -0.02065 -2.10256 -0.998375 0.00237015 -0.056935 88.9542
-0.0661466 0.0216686 0.997575 37.9872 0.0050532 0.999759 -0.021381 -2.13133 -0.997797 0.00362667 -0.0662402 88.8933
-0.0757331 0.022196 0.996881 38.7478 0.00589084 0.999745 -0.0218122 -2.16316 -0.997111 0.00422056 -0.0758445 88.8397
-0.0851791 0.0225095 0.996111 39.4997 0.00673715 0.999735 -0.0220153 -2.19132 -0.996343 0.00483571 -0.0853082 88.7772
-0.0938123 0.0220311 0.995346 40.2287 0.00767658 0.999741 -0.0214048 -2.21722 -0.99556 0.00563282 -0.0939572 88.7089
-0.100757 0.0207973 0.994694 40.925 0.0104374 0.999749 -0.0198457 -2.24333 -0.994856 0.00838242 -0.100949 88.6406
-0.105955 0.0191681 0.994186 41.6444 0.0132615 0.999753 -0.0178621 -2.26889 -0.994283 0.0112918 -0.106183 88.5595
-0.109774 0.0175703 0.993801 42.3604 0.0160158 0.999745 -0.0159063 -2.29607 -0.993828 0.0141705 -0.110027 88.48
-0.112448 0.0165186 0.99352 43.0564 0.0180308 0.999731 -0.0145811 -2.32395 -0.993494 0.0162743 -0.112715 88.3889
-0.114388 0.0157045 0.993312 43.7515 0.0179284 0.999745 -0.0137416 -2.34509 -0.993274 0.0162366 -0.11464 88.316
-0.115276 0.0160809 0.993203 44.4302 0.0190065 0.999722 -0.0139804 -2.36948 -0.993152 0.0172657 -0.11555 88.2437
-0.114221 0.0170533 0.993309 45.1146 0.0192439 0.999703 -0.0149502 -2.38727 -0.993269 0.0174075 -0.114515 88.1795
-0.111099 0.0188583 0.99363 45.7446 0.0209888 0.999641 -0.0166256 -2.40452 -0.993588 0.019008 -0.111455 88.1052
-0.105995 0.0193246 0.994179 46.3708 0.0208393 0.999635 -0.0172089 -2.42617 -0.994148 0.0188939 -0.106359 88.0465
-0.0976821 0.0198152 0.99502 46.9546 0.0196539 0.999645 -0.0179778 -2.45359 -0.995024 0.0177999 -0.0980369 87.9846
-0.0866093 0.0196964 0.996048 47.539 0.0186509 0.999661 -0.0181461 -2.47533 -0.996068 0.0170056 -0.0869473 87.943
-0.0728929 0.0197126 0.997145 48.09 0.0169743 0.999684 -0.018522 -2.50412 -0.997195 0.0155757 -0.0732045 87.9131
-0.055463 0.0211592 0.998237 48.5997 0.0173941 0.999644 -0.0202226 -2.5234 -0.998309 0.0162418 -0.0558113 87.8924
-0.0342316 0.0234279 0.999139 49.1336 0.0155448 0.999617 -0.0229065 -2.55409 -0.999293 0.0147472 -0.0345827 87.8894
-0.0097082 0.0267948 0.999594 49.689 0.0139353 0.999547 -0.0266582 -2.55834 -0.999856 0.0136709 -0.0100772 87.9096
0.0185201 0.028497 0.999422 50.2146 0.0122322 0.999512 -0.0287263 -2.58077 -0.999754 0.0127572 0.0181625 87.9411
0.0517324 0.028024 0.998268 50.7386 0.010078 0.999541 -0.028582 -2.60082 -0.99861 0.0115392 0.0514262 87.9898
0.0897406 0.0258726 0.995629 51.2738 0.00935816 0.999596 -0.0268192 -2.61615 -0.995921 0.011724 0.0894622 88.0556
0.131825 0.0221941 0.991024 51.7911 0.00733276 0.9997 -0.0233637 -2.6345 -0.991246 0.0103469 0.131623 88.1479
0.177104 0.0178641 0.98403 52.2923 0.00477585 0.999808 -0.01901 -2.65505 -0.984181 0.00806633 0.176984 88.2635
0.224689 0.0145403 0.974322 52.679 9.66252e-05 0.999888 -0.0149442 -2.6716 -0.97443 0.00345193 0.224663 88.4289
0.276054 0.0130483 0.961054 53.1632 -0.00340166 0.999915 -0.0125989 -2.68813 -0.961136 0.00020879 0.276075 88.6021
0.330707 0.0127167 0.943648 53.6342 -0.00398731 0.999919 -0.0120777 -2.70212 -0.943725 0.000231546 0.330731 88.7996
0.387852 0.0138392 0.921618 54.0443 -0.00062442 0.999891 -0.0147518 -2.71221 -0.921721 0.00514603 0.387818 89.0129
0.44821 0.0169997 0.893766 54.4685 0.000320918 0.999816 -0.0191777 -2.73114 -0.893928 0.00888248 0.448122 89.254
0.507737 0.0204856 0.861268 54.8649 0.00148379 0.999695 -0.0246529 -2.74463 -0.861511 0.0137951 0.507552 89.526
0.56307 0.0241471 0.826057 55.1742 -0.0018892 0.999608 -0.0279325 -2.76043 -0.826407 0.0141674 0.562895 89.8397
0.618516 0.0271251 0.785304 55.5148 -0.00558468 0.999531 -0.0301261 -2.77326 -0.785753 0.0142478 0.618377 90.1722
0.670955 0.0274486 0.74099 55.8253 -0.00642178 0.999492 -0.0312095 -2.7914 -0.74147 0.0161817 0.670791 90.5235
0.720199 0.0250035 0.693317 56.0694 -0.00544257 0.999523 -0.0303928 -2.81117 -0.693747 0.0181154 0.719991 90.8475
0.76549 0.0212531 0.643097 56.3413 -0.00686333 0.999667 -0.0248676 -2.82633 -0.643411 0.0146221 0.765381 91.2379
0.806971 0.0159522 0.590375 56.5936 -0.00692008 0.999822 -0.0175567 -2.84102 -0.59055 0.0100823 0.806938 91.6552
0.844248 0.0136839 0.535779 56.7661 -0.00905888 0.999896 -0.0112631 -2.8497 -0.535877 0.0046553 0.844283 92.028
0.875572 0.00981695 0.482989 56.9568 -0.00906709 0.999951 -0.00388745 -2.86072 -0.483003 -0.00097556 0.875618 92.4654
0.901437 0.0101862 0.43279 57.1255 -0.0121928 0.999924 0.00186151 -2.87486 -0.432738 -0.00695496 0.901493 92.9155
0.922222 0.0115854 0.386487 57.229 -0.0145748 0.999882 0.00480533 -2.87704 -0.386386 -0.0100646 0.922282 93.3019
0.937702 0.0174277 0.347004 57.357 -0.0213616 0.999744 0.0075147 -2.88243 -0.346784 -0.0144591 0.937833 93.7721
0.949855 0.0216663 0.311938 57.4795 -0.0249418 0.999668 0.00651407 -2.8823 -0.311693 -0.0139677 0.95008 94.2448
0.959646 0.0229471 0.280273 57.5307 -0.0257784 0.999647 0.00641909 -2.87892 -0.280026 -0.013385 0.959899 94.5817
0.965905 0.0174748 0.258305 57.654 -0.0198194 0.999783 0.00647585 -2.88308 -0.258136 -0.0113745 0.966042 95.0545
0.969991 0.0144893 0.24271 57.7688 -0.0167253 0.999835 0.00715456 -2.88917 -0.242566 -0.0109992 0.970072 95.5338
0.972996 0.0186302 0.230071 57.8731 -0.0207502 0.999762 0.00679841 -2.89151 -0.229889 -0.0113888 0.97315 96.0284
0.975057 0.0250182 0.220541 57.9727 -0.027257 0.999603 0.00711348 -2.88416 -0.220276 -0.0129473 0.975352 96.5702
0.976172 0.0328901 0.214492 58.074 -0.0349463 0.999372 0.00580055 -2.88362 -0.214167 -0.0131581 0.976708 97.0821
0.976593 0.0390437 0.211523 58.179 -0.0404779 0.999177 0.00245309 -2.8919 -0.211253 -0.0109577 0.97737 97.6076
0.976752 0.0400412 0.210599 58.2779 -0.0408965 0.999163 -0.000294127 -2.89128 -0.210434 -0.00832546 0.977573 98.1476
0.976288 0.0385886 0.213008 58.3996 -0.0386547 0.999245 -0.00385609 -2.89716 -0.212996 -0.00446911 0.977043 98.6983
0.97542 0.0374855 0.217141 58.5238 -0.0361375 0.999295 -0.0101766 -2.90552 -0.217369 0.00207956 0.976087 99.256
0.974609 0.0370404 0.220828 58.6463 -0.0345407 0.999288 -0.0151716 -2.91088 -0.221233 0.00715881 0.975195 99.792
0.973369 0.0419716 0.225368 58.7685 -0.039679 0.999104 -0.0146945 -2.91982 -0.225783 0.00536078 0.974163 100.378
0.971894 0.0450211 0.231072 58.9065 -0.0437418 0.998986 -0.0106593 -2.93065 -0.231318 0.000252194 0.972878 100.991
0.970961 0.0418147 0.235555 59.0611 -0.0415863 0.999117 -0.00593932 -2.94519 -0.235596 -0.00402904 0.971843 101.585
0.970221 0.037468 0.239305 59.2199 -0.0384781 0.999259 -0.000451474 -2.95242 -0.239145 -0.00876998 0.970944 102.203
0.969411 0.0348136 0.242961 59.3819 -0.0369708 0.999307 0.00432321 -2.96298 -0.242642 -0.0131734 0.970026 102.838
0.968922 0.0296444 0.245585 59.545 -0.0317546 0.999485 0.00463645 -2.96197 -0.245321 -0.0122908 0.969364 103.47
0.968952 0.0263114 0.245847 59.7154 -0.0275492 0.999619 0.00159631 -2.96827 -0.245711 -0.00831964 0.969307 104.11
0.969132 0.0257363 0.245196 59.8886 -0.0251861 0.999668 -0.00538003 -2.97621 -0.245253 -0.000961561 0.969459 104.767
0.969068 0.0291834 0.245061 60.0255 -0.0270243 0.999561 -0.012169 -2.97763 -0.245308 0.00517001 0.969431 105.438
0.969597 0.0323982 0.242552 60.1825 -0.0293894 0.99944 -0.0160136 -2.9808 -0.242935 0.00839826 0.970006 106.116
0.970276 0.0302519 0.240103 60.3503 -0.0282721 0.999532 -0.0116865 -2.99308 -0.240345 0.00455092 0.970677 106.809
0.9708 0.0258028 0.238499 60.5364 -0.0255875 0.999665 -0.00399889 -3.00611 -0.238522 -0.00222047 0.971135 107.53
0.971421 0.0261145 0.235921 60.7132 -0.0272787 0.999626 0.00167152 -3.01345 -0.235789 -0.00805935 0.971771 108.252
0.971766 0.0294182 0.234105 60.8768 -0.0305057 0.999534 0.0010248 -3.02274 -0.233965 -0.0081374 0.972211 108.98
0.972065 0.0348885 0.232106 61.0335 -0.0350258 0.99938 -0.00353074 -3.03606 -0.232085 -0.00469757 0.972684 109.722
0.972948 0.0356796 0.228254 61.1997 -0.0345934 0.999363 -0.00875927 -3.04507 -0.228422 0.000626219 0.973562 110.465
0.973891 0.0344922 0.224382 61.3706 -0.0327375 0.999397 -0.011537 -3.05898 -0.224644 0.00389011 0.974433 111.237
0.974876 0.0319669 0.220444 61.5428 -0.0304188 0.999483 -0.0104143 -3.05916 -0.220662 0.00344705 0.975344 111.974
0.975751 0.0282015 0.21706 61.7215 -0.0270507 0.9996 -0.00827168 -3.07427 -0.217207 0.00219945 0.976123 112.771
0.976177 0.0272573 0.215256 61.8929 -0.0267185 0.999628 -0.00541291 -3.08928 -0.215323 -0.000467354 0.976543 113.558
0.976557 0.0229199 0.214035 62.0681 -0.0227707 0.999736 -0.00316277 -3.09805 -0.214051 -0.0017851 0.976821 114.36
0.97678 0.0178501 0.213498 62.2501 -0.0178148 0.999839 -0.00208942 -3.10619 -0.213501 -0.00176252 0.976941 115.168
0.976917 0.0188531 0.212784 62.4261 -0.0192309 0.999815 -0.000294119 -3.1184 -0.21275 -0.0038047 0.977099 115.976
0.976703 0.0239967 0.213248 62.581 -0.0240609 0.999708 -0.0022946 -3.12875 -0.21324 -0.00288979 0.976995 116.768
0.976439 0.0297894 0.213727 62.7551 -0.0292744 0.999556 -0.00557526 -3.14093 -0.213798 -0.000812807 0.976878 117.605
0.975943 0.0385676 0.214589 62.9164 -0.0379516 0.999255 -0.0069915 -3.15426 -0.214698 -0.00132067 0.97668 118.433
0.974996 0.0453112 0.217556 63.0997 -0.0449918 0.998967 -0.00642379 -3.16576 -0.217622 -0.00352507 0.976027 119.257
0.97419 0.0477268 0.220625 63.2744 -0.0479355 0.998841 -0.00441079 -3.18139 -0.22058 -0.00627885 0.975349 120.097
0.973578 0.0483496 0.223178 63.4584 -0.0483806 0.998815 -0.00533188 -3.19472 -0.223171 -0.00560648 0.974763 120.945
0.973228 0.0464533 0.225099 63.6285 -0.0458366 0.998917 -0.00796778 -3.21283 -0.225225 -0.0025633 0.974303 121.727
0.973234 0.0401684 0.226277 63.8259 -0.0397042 0.99919 -0.00660408 -3.22649 -0.226359 -0.00255682 0.974041 122.558
0.973431 0.0333683 0.226538 64.0285 -0.0323709 0.999443 -0.00811716 -3.24275 -0.226682 0.000568259 0.973969 123.401
0.973107 0.0335583 0.227895 64.2217 -0.0325792 0.999437 -0.00805819 -3.25977 -0.228037 0.000416859 0.973652 124.23
0.972563 0.036303 0.229791 64.4029 -0.036058 0.999336 -0.00526633 -3.27076 -0.229829 -0.00316397 0.973226 125.073
0.972263 0.0379034 0.230799 64.5984 -0.0391137 0.999235 0.000669017 -3.28891 -0.230597 -0.00967786 0.973001 125.904
0.971924 0.0410893 0.23168 64.7939 -0.043369 0.999048 0.00475325 -3.31336 -0.231265 -0.0146675 0.97278 126.746
0.971678 0.0403468 0.232839 64.9822 -0.0410833 0.999154 -0.0016877 -3.32892 -0.23271 -0.00792589 0.972514 127.572
0.971901 0.0363953 0.23256 65.1812 -0.0335842 0.999307 -0.0160374 -3.34487 -0.232983 0.00777643 0.97245 128.389
0.972242 0.0336757 0.231541 65.399 -0.0286772 0.999278 -0.0249211 -3.36518 -0.232213 0.0175894 0.972506 129.235
0.972465 0.0308769 0.230995 65.5932 -0.0279443 0.999482 -0.0159576 -3.37908 -0.231368 0.00906318 0.972824 130.056
0.972897 0.0237615 0.230015 65.7913 -0.0255894 0.99966 0.0049667 -3.39995 -0.229819 -0.0107181 0.973174 130.901
0.973215 0.0199053 0.229034 65.9894 -0.0251856 0.99948 0.0201546 -3.41594 -0.228513 -0.0253831 0.97321 131.748
0.973287 0.0246129 0.22827 66.1733 -0.0286855 0.999483 0.01454 -3.42671 -0.227794 -0.0206997 0.973489 132.558
0.973484 0.0330571 0.226353 66.3467 -0.0335677 0.999435 -0.00159418 -3.42764 -0.226278 -0.00604625 0.974044 133.355
0.973757 0.0332364 0.225151 66.5197 -0.0319702 0.999446 -0.00926825 -3.43133 -0.225334 0.00182689 0.97428 134.143
0.974382 0.0290835 0.223012 66.71 -0.0275941 0.999571 -0.00979235 -3.45358 -0.223201 0.00338766 0.974767 134.949
0.975032 0.0286392 0.220209 66.8927 -0.0275171 0.999588 -0.00816202 -3.47681 -0.220352 0.00189872 0.975418 135.767
0.975831 0.0279968 0.216726 67.0542 -0.0265782 0.999602 -0.00945812 -3.48917 -0.216904 0.00346936 0.976187 136.575
0.976886 0.0289086 0.211799 67.2287 -0.027203 0.99957 -0.0109634 -3.50894 -0.212025 0.00494838 0.977252 137.385
0.977316 0.0342382 0.209001 67.3799 -0.0326639 0.999406 -0.0109807 -3.53091 -0.209253 0.00390483 0.977854 138.188
0.977513 0.040349 0.20698 67.5471 -0.0388316 0.999181 -0.0113903 -3.54159 -0.20727 0.00309681 0.978279 139.032
0.977872 0.0415608 0.205033 67.7072 -0.0404589 0.999135 -0.00956565 -3.55722 -0.205253 0.00105858 0.978708 139.823
0.978175 0.0396095 0.203972 67.8738 -0.039485 0.999209 -0.00468168 -3.57409 -0.203996 -0.00347433 0.978966 140.644
0.978475 0.0388378 0.202679 68.0299 -0.0386786 0.99924 -0.00474814 -3.59905 -0.202709 -0.00319339 0.979234 141.444
0.979058 0.0374743 0.200103 68.1873 -0.0367119 0.999298 -0.00752027 -3.62067 -0.200245 1.65979e-05 0.979746 142.233
0.980226 0.0326902 0.195161 68.3555 -0.031047 0.999452 -0.0114734 -3.63242 -0.19543 0.00518738 0.980704 143.025
0.98167 0.0291023 0.188352 68.5134 -0.0272052 0.99955 -0.01265 -3.64156 -0.188635 0.00729394 0.98202 143.799
0.98293 0.0274909 0.181913 68.6632 -0.0265775 0.999619 -0.00745738 -3.65387 -0.182049 0.00249529 0.983286 144.609
0.984073 0.0249322 0.176007 68.8023 -0.0255427 0.999673 0.00120358 -3.67727 -0.175919 -0.00568009 0.984388 145.414
0.984769 0.0213321 0.172552 68.9289 -0.0235215 0.999667 0.0106531 -3.68686 -0.172267 -0.0145495 0.984943 146.257
0.985264 0.0281382 0.168711 69.0464 -0.0307996 0.999439 0.0131785 -3.68797 -0.168245 -0.0181805 0.985578 147.06
0.985977 0.031132 0.163949 69.1665 -0.0329993 0.999418 0.008678 -3.69548 -0.163583 -0.0139665 0.986431 147.857
0.987226 0.0314293 0.156198 69.3023 -0.0315789 0.9995 -0.00152404 -3.69821 -0.156168 -0.00342799 0.987725 148.634
0.988315 0.0283322 0.149772 69.4231 -0.0275822 0.999594 -0.00708281 -3.69983 -0.149912 0.00286901 0.988695 149.428
0.989317 0.027314 0.143195 69.5335 -0.0267335 0.999625 -0.0059765 -3.71193 -0.143305 0.00208455 0.989676 150.243
0.990141 0.0345817 0.135738 69.6177 -0.0345219 0.9994 -0.00279557 -3.72898 -0.135753 -0.00191792 0.990741 151.012
0.990968 0.0402773 0.127905 69.7029 -0.0400481 0.999188 -0.00436405 -3.73932 -0.127977 -0.000797712 0.991777 151.84
0.992155 0.0428735 0.117432 69.7943 -0.0419815 0.999068 -0.0100604 -3.75336 -0.117754 0.00505152 0.99303 152.663
0.993204 0.040322 0.10918 69.874 -0.0391869 0.999153 -0.0125228 -3.76151 -0.109593 0.00815921 0.993943 153.451
0.994059 0.0404199 0.10106 69.9539 -0.0396335 0.999166 -0.00977822 -3.77341 -0.101371 0.00571478 0.994832 154.269
0.994685 0.0433145 0.0934145 70.0201 -0.0432608 0.99906 -0.00260062 -3.78966 -0.0934394 -0.00145439 0.995624 155.088
0.995309 0.0455804 0.0853382 70.0781 -0.046023 0.998935 0.00322541 -3.80078 -0.0851003 -0.0071378 0.996347 155.992
0.995952 0.0448333 0.0779098 70.1316 -0.0454705 0.998945 0.00642195 -3.80328 -0.0775397 -0.00993855 0.99694 156.812
0.996386 0.0455056 0.0717289 70.1861 -0.0462315 0.998895 0.00849153 -3.80602 -0.0712632 -0.011777 0.997388 157.644
0.996752 0.0440512 0.0674179 70.2464 -0.0446349 0.998978 0.00717609 -3.82005 -0.0670329 -0.010162 0.997699 158.453
0.996814 0.049079 0.0628742 70.2807 -0.0492829 0.998783 0.00169645 -3.82786 -0.0627145 -0.00478967 0.99802 159.282
0.996759 0.0547484 0.0589385 70.3174 -0.0545529 0.998499 -0.00492196 -3.83437 -0.0591195 0.00169074 0.998249 160.091
0.996895 0.055613 0.0557486 70.3638 -0.0553058 0.998445 -0.00703895 -3.85548 -0.0560534 0.00393387 0.99842 160.932
0.996973 0.0572018 0.0526506 70.4039 -0.0572364 0.99836 -0.000851741 -3.86483 -0.052613 -0.00216437 0.998613 161.771
0.996951 0.0592244 0.050812 70.4363 -0.0597855 0.998165 0.00959419 -3.87273 -0.0501506 -0.0126028 0.998662 162.614
0.996911 0.0621851 0.047967 70.466 -0.0630488 0.997871 0.0167075 -3.86371 -0.0468259 -0.0196801 0.998709 163.461
0.997343 0.0587949 0.0430127 70.496 -0.0594333 0.998138 0.0137155 -3.87013 -0.0421262 -0.0162355 0.99898 164.282
0.998213 0.0467035 0.0372796 70.5308 -0.0468803 0.998893 0.00388174 -3.87866 -0.0370571 -0.00562249 0.999297 165.109
0.998631 0.0429313 0.0298901 70.5521 -0.0429319 0.999078 -0.000622933 -3.87413 -0.0298893 -0.000661157 0.999553 165.866
0.998642 0.0466878 0.023114 70.5558 -0.0467149 0.998908 0.000632638 -3.87781 -0.0230592 -0.00171155 0.999733 166.703
0.998862 0.0450565 0.0156258 70.5644 -0.0451719 0.998954 0.00710885 -3.88709 -0.0152891 -0.00780661 0.999853 167.531
0.999134 0.0408012 0.00816282 70.5856 -0.0408872 0.999107 0.0106579 -3.89656 -0.00772067 -0.0109824 0.99991 168.435
0.999479 0.0321676 0.00258678 70.5869 -0.0322027 0.99937 0.0149136 -3.89658 -0.00210542 -0.0149891 0.999885 169.28
0.99961 0.0276628 -0.00380424 70.5899 -0.0276039 0.99951 0.0147639 -3.89445 0.00421078 -0.0146531 0.999884 170.104
0.999647 0.0245703 -0.0100783 70.5688 -0.0244898 0.999668 0.00803358 -3.90479 0.0102724 -0.00778392 0.999917 170.842
0.999726 0.0153032 -0.0176917 70.5574 -0.0153419 0.99988 -0.00205354 -3.90754 0.0176582 0.00232441 0.999841 171.682
0.999691 0.00484577 -0.0243639 70.552 -0.00499614 0.999969 -0.00611471 -3.91202 0.0243335 0.00623455 0.999684 172.515
0.999502 0.00879924 -0.0303008 70.5175 -0.00876084 0.999961 0.00139982 -3.91496 0.0303119 -0.00113366 0.99954 173.355
0.999187 0.0196817 -0.0351893 70.4672 -0.0191789 0.99971 0.0145699 -3.91511 0.0354659 -0.0138832 0.999274 174.216
0.998906 0.02434 -0.0399231 70.4227 -0.0234586 0.999474 0.0223989 -3.92246 0.0404473 -0.0214378 0.998952 175.061
0.998764 0.0239021 -0.0435745 70.3697 -0.0230701 0.999544 0.0194977 -3.92173 0.0440207 -0.0184683 0.99886 175.943
0.998619 0.0258607 -0.0457353 70.3221 -0.0254832 0.999636 0.00881726 -3.91975 0.0459467 -0.0076396 0.998915 176.786
0.998135 0.0367269 -0.0487704 70.2665 -0.0367782 0.999323 -0.000155219 -3.92881 0.0487318 0.00194862 0.99881 177.625
0.998117 0.0338971 -0.0511182 70.2108 -0.0341475 0.999409 -0.00403312 -3.92416 0.0509513 0.00577109 0.998684 178.451
0.998165 0.028165 -0.0535965 70.1713 -0.0281523 0.999603 0.000992528 -3.93515 0.0536032 0.000518159 0.998562 179.317
0.998171 0.0279196 -0.053612 70.1278 -0.027436 0.999576 0.0097348 -3.93865 0.053861 -0.0082461 0.998514 180.17
0.99815 0.0294031 -0.0532086 70.0671 -0.0286286 0.999474 0.0152596 -3.95114 0.0536293 -0.0137081 0.998467 180.999
0.998046 0.0296885 -0.0549724 70.0195 -0.0289284 0.999475 0.0145712 -3.95683 0.0553762 -0.0129524 0.998382 181.853
0.998025 0.0261092 -0.0571359 69.964 -0.0258381 0.999651 0.0054793 -3.95984 0.0572591 -0.00399219 0.998351 182.708
0.998094 0.0160379 -0.0595872 69.9289 -0.0164368 0.999846 -0.00620981 -3.96159 0.0594784 0.0071774 0.998204 183.561
0.998088 0.00582939 -0.0615411 69.8881 -0.0064711 0.999927 -0.0102331 -3.97124 0.0614769 0.0106118 0.998052 184.416
0.998003 0.00845859 -0.0625904 69.8311 -0.00883006 0.999945 -0.00566077 -3.9826 0.0625391 0.00620215 0.998023 185.276
0.997897 0.0138789 -0.0633129 69.7488 -0.0135662 0.999894 0.00536679 -4.00285 0.0633807 -0.00449659 0.997979 186.051
0.99779 0.0150939 -0.0647122 69.6858 -0.0145424 0.999854 0.00898389 -4.01382 0.0648384 -0.00802297 0.997864 186.897
0.997745 0.0142283 -0.0655964 69.6282 -0.0139116 0.999889 0.00528264 -4.02244 0.0656643 -0.00435817 0.997832 187.748
0.997723 0.0154456 -0.0656496 69.5793 -0.0155357 0.999879 -0.000862449 -4.02708 0.0656284 0.0018804 0.997842 188.58
0.997573 0.0229517 -0.065742 69.4979 -0.0230895 0.999733 -0.00133754 -4.02949 0.0656937 0.00285224 0.997836 189.44
0.997493 0.0250231 -0.0661992 69.4362 -0.0249724 0.999687 0.0015939 -4.03523 0.0662184 6.32467e-05 0.997805 190.271
0.997352 0.0282512 -0.0670151 69.3773 -0.0279671 0.999595 0.00517454 -4.06224 0.0671341 -0.00328662 0.997739 191.12
0.997272 0.0312536 -0.0668777 69.3088 -0.0307824 0.999494 0.00806448 -4.07085 0.0670958 -0.00598382 0.997729 191.959
0.997099 0.0347324 -0.0677361 69.251 -0.0343099 0.999384 0.00739111 -4.06652 0.0679511 -0.00504565 0.997676 192.805
0.997142 0.0328864 -0.0680176 69.1944 -0.0326701 0.999457 0.00428974 -4.09124 0.0681217 -0.00205533 0.997675 193.533
0.997009 0.0347136 -0.069048 69.129 -0.0348874 0.99939 -0.00131242 -4.09298 0.0689604 0.0037174 0.997612 194.338
0.996832 0.037528 -0.0701203 69.055 -0.0376919 0.999289 -0.00101517 -4.10128 0.0700323 0.00365492 0.997538 195.165
0.996695 0.0380326 -0.0717876 68.9929 -0.0375082 0.999259 0.00864045 -4.09856 0.0720631 -0.00591926 0.997383 195.994
