1 0 0 0 0 1 0 0 0 0 1 0
0.999988 -0.003184 -0.00367921 0.0651832 0.00318227 0.999995 -0.000475428 -0.0294938 0.0036807 0.000463714 0.999993 1.03942
0.999998 -0.00129534 0.00160932 -0.0025637 0.00129821 0.999998 -0.00178537 -0.0103743 -0.001607 0.00178746 0.999997 1.56245
0.999994 -0.00275015 0.00206128 -0.00731674 0.00275169 0.999996 -0.000745366 -0.0191095 -0.00205922 0.000751034 0.999998 2.08516
0.999982 -0.0031489 0.00504175 -0.0174628 0.00313831 0.999993 0.00210775 -0.048532 -0.00504835 -0.00209189 0.999985 2.6101
0.999989 -0.00461388 -0.000606444 -0.019619 0.00461496 0.999988 0.00180208 -0.136347 0.000598122 -0.00180485 0.999998 7.98541
0.999992 -0.00383411 -0.00101046 -0.0266532 0.00383406 0.999993 -4.82628e-05 -0.157321 0.00101063 4.43883e-05 0.999999 9.3235
0.999999 -0.000894198 -0.000990714 -0.0387907 0.000891816 0.999997 -0.00240163 -0.177139 0.000992858 0.00240074 0.999997 10.6797
0.999996 0.00278761 -0.000713844 -0.0514923 -0.00279007 0.99999 -0.00347176 -0.197316 0.000704159 0.00347374 0.999994 12.0299
0.999987 0.00512245 -0.000651547 -0.0632923 -0.00512475 0.99998 -0.00358124 -0.22345 0.000633189 0.00358453 0.999993 13.386
0.999981 0.006138 -0.000428418 -0.0753315 -0.00613915 0.999977 -0.00273792 -0.248561 0.000411603 0.0027405 0.999996 14.7385
0.999993 0.00374876 -0.00025295 -0.0761504 -0.00374874 0.999993 7.736e-05 -0.276149 0.000253239 -7.64112e-05 1 16.02
1 -0.000294128 -8.12504e-05 -0.0811962 0.00029428 0.999998 0.00187728 -0.299764 8.06981e-05 -0.00187731 0.999998 17.3797
0.999997 -0.00247693 -0.000285394 -0.0859631 0.00247682 0.999997 -0.000394737 -0.323917 0.000286371 0.000394029 1 18.7434
0.999994 -0.00323687 -0.000813105 -0.0883059 0.00323475 0.999991 -0.00259589 -0.348634 0.0008215 0.00259324 0.999996 20.1761
1 -0.000955856 -0.000224557 -0.0984678 0.000954938 0.999991 -0.00405524 -0.379164 0.000228431 0.00405502 0.999992 21.5487
0.999998 0.00190273 0.000518744 -0.108189 -0.0019016 0.999996 -0.0021691 -0.401041 -0.000522869 0.00216811 0.999998 22.9331
0.999998 0.00162281 0.000850907 -0.116775 -0.00162407 0.999998 0.00147901 -0.420267 -0.000848505 -0.00148039 0.999999 24.2888
0.999999 -0.000590797 0.00139208 -0.121986 0.000586146 0.999994 0.00333916 -0.437189 -0.00139404 -0.00333834 0.999993 25.6658
0.99999 -0.00442125 0.00106268 -0.125762 0.00441977 0.999989 0.00139302 -0.456064 -0.00106882 -0.00138831 0.999998 27.0511
0.999989 -0.00460782 0.00102058 -0.112477 0.00460854 0.999989 -0.000706977 -0.484212 -0.00101731 0.000711673 0.999999 28.5079
0.999986 -0.00503123 0.00141314 -0.108861 0.00503571 0.999982 -0.00318674 -0.507744 -0.00139709 0.00319382 0.999994 29.9134
0.999996 -0.0016948 0.00229982 -0.123774 0.00170355 0.999991 -0.00380671 -0.538127 -0.00229335 0.00381062 0.99999 31.2906
0.999995 -0.000338874 0.00300806 -0.134249 0.000357292 0.999981 -0.00612461 -0.564939 -0.00300593 0.00612566 0.999977 32.6719
0.999995 0.000547019 0.0030447 -0.140709 -0.000530291 0.999985 -0.0054924 -0.593527 -0.00304766 0.00549076 0.99998 34.064
0.999996 0.000697516 0.00287427 -0.141957 -0.000685221 0.999991 -0.00427625 -0.62357 -0.00287723 0.00427426 0.999987 35.4531
0.999995 0.00201994 0.00226246 -0.142733 -0.00201353 0.999994 -0.00282914 -0.651245 -0.00226816 0.00282457 0.999993 36.9043
0.999987 0.00458801 0.00218124 -0.148497 -0.00458261 0.999986 -0.00247247 -0.678357 -0.00219255 0.00246244 0.999995 38.3176
0.999973 0.00697247 0.00226026 -0.150974 -0.00696589 0.999972 -0.00290621 -0.704788 -0.00228045 0.00289039 0.999993 39.7303
0.999946 0.0100635 0.00244921 -0.154633 -0.0100567 0.999946 -0.00276038 -0.728211 -0.00247686 0.0027356 0.999993 41.1291
0.999941 0.0105998 0.00216623 -0.160506 -0.0105941 0.99994 -0.00264779 -0.756653 -0.00219416 0.00262468 0.999994 42.5442
0.999952 0.00966285 0.00151331 -0.156774 -0.0096585 0.999949 -0.00285202 -0.780779 -0.00154079 0.00283726 0.999995 43.9755
0.999959 0.00892102 0.0014052 -0.184689 -0.00891675 0.999956 -0.00301324 -0.8091 -0.00143202 0.00300058 0.999994 45.4032
0.999965 0.00830689 0.000339691 -0.187836 -0.00830597 0.999962 -0.00264984 -0.840891 -0.00036169 0.00264693 0.999996 46.8309
0.999964 0.00851953 -0.000601042 -0.198301 -0.00852041 0.999963 -0.00148543 -0.868075 0.000588365 0.0014905 0.999999 48.2538
0.999958 0.00900525 -0.00184469 -0.190113 -0.0090087 0.999958 -0.00186736 -0.900198 0.00182779 0.0018839 0.999997 49.6859
0.999951 0.00947122 -0.00297442 -0.201023 -0.00947545 0.999954 -0.00141258 -0.926034 0.0029609 0.0014407 0.999995 51.1194
0.999945 0.00961655 -0.0041625 -0.204176 -0.00961863 0.999954 -0.00048014 -0.954054 0.00415769 0.000520151 0.999991 52.5452
0.999959 0.00757277 -0.0049566 -0.222292 -0.00757131 0.999971 0.000315072 -0.983767 0.00495884 -0.000277531 0.999988 54.0301
0.999964 0.00650119 -0.00539188 -0.235342 -0.00649905 0.999979 0.000414935 -1.00945 0.00539447 -0.000379878 0.999985 55.4631
0.999975 0.00374502 -0.00602459 -0.24079 -0.00374581 0.999993 -0.000119667 -1.03716 0.0060241 0.000142231 0.999982 56.9042
0.999978 0.00311656 -0.00592741 -0.266713 -0.00311674 0.999995 -2.11476e-05 -1.06085 0.00592732 3.96213e-05 0.999982 58.3653
0.999983 0.00179129 -0.00550584 -0.2809 -0.00178716 0.999998 0.000756153 -1.0909 0.00550718 -0.000746301 0.999985 59.7981
0.999987 0.000733912 -0.00509178 -0.288116 -0.000726964 0.999999 0.00136621 -1.11688 0.00509278 -0.00136249 0.999986 61.2366
0.99999 -0.00124739 -0.00425892 -0.32844 0.00125194 0.999999 0.00106653 -1.13476 0.00425758 -0.00107185 0.99999 62.7407
0.999988 -0.00308354 -0.00390895 -0.335774 0.00308456 0.999995 0.000255258 -1.15926 0.00390815 -0.000267312 0.999992 64.1757
0.999992 -0.00215924 -0.00332174 -0.346874 0.00215863 0.999998 -0.000186713 -1.18501 0.00332213 0.000179541 0.999994 65.6096
0.999997 -5.19339e-05 -0.0024707 -0.353522 5.03135e-05 1 -0.000655918 -1.21578 0.00247073 0.000655791 0.999997 66.9463
0.999993 0.00314355 -0.00201422 -0.364282 -0.003142 0.999995 0.000769898 -1.24426 0.00201663 -0.000763564 0.999998 68.374
0.999979 0.00644404 -0.00117375 -0.386564 -0.00644159 0.999977 0.00208151 -1.27188 0.00118713 -0.0020739 0.999997 69.8099
0.999955 0.00949014 -0.000438559 -0.402359 -0.00948892 0.999951 0.00271227 -1.29843 0.000464278 -0.00270798 0.999996 71.262
0.999905 0.0138084 0.000139939 -0.421778 -0.0138086 0.999902 0.00233476 -1.3208 -0.000107686 -0.00233647 0.999997 72.6833
0.999858 0.0168485 0.000876801 -0.441733 -0.0168501 0.999856 0.00176948 -1.34785 -0.000846862 -0.001784 0.999998 74.0999
0.999789 0.0204654 0.00150316 -0.441657 -0.0204676 0.999789 0.00145447 -1.38024 -0.00147307 -0.00148493 0.999998 75.4961
0.999781 0.0208632 0.00181042 -0.449992 -0.0208664 0.999781 0.00173623 -1.40696 -0.0017738 -0.00177362 0.999997 76.9135
0.999806 0.0195936 0.0018971 -0.457945 -0.0195965 0.999807 0.00152544 -1.43447 -0.00186685 -0.00156232 0.999997 78.3161
0.999843 0.0176514 0.0016672 -0.464551 -0.0176524 0.999844 0.000609494 -1.44927 -0.00165618 -0.000638829 0.999998 79.7113
0.999852 0.0171646 0.00127554 -0.467754 -0.0171653 0.999853 0.000533327 -1.47259 -0.00126619 -0.000555143 0.999999 81.1014
0.999854 0.0170805 0.00104552 -0.475241 -0.0170814 0.999854 0.000825944 -1.50303 -0.00103126 -0.000843682 0.999999 82.4976
0.999851 0.0172282 0.00103816 -0.487937 -0.0172287 0.999851 0.000490854 -1.53678 -0.00102955 -0.000508667 0.999999 83.8824
0.999848 0.0174097 0.000250526 -0.493232 -0.0174099 0.999848 0.000776637 -1.56124 -0.000236967 -0.000780881 1 85.2731
0.999858 0.0168589 -0.000773623 -0.500712 -0.0168576 0.999857 0.00162942 -1.58554 0.000800982 -0.00161615 0.999998 86.652
0.999888 0.0147921 -0.00213419 -0.493918 -0.0147862 0.999887 0.0027696 -1.61921 0.00217492 -0.00273773 0.999994 87.8974
0.999914 0.0127146 -0.00333149 -0.50205 -0.0127037 0.999914 0.00329296 -1.64284 0.00337307 -0.00325035 0.999989 89.2681
0.999932 0.0109189 -0.00397277 -0.518304 -0.0109065 0.999936 0.00313512 -1.66339 0.00400674 -0.00309158 0.999987 90.6449
0.999942 0.00974537 -0.00453236 -0.524196 -0.00973359 0.999949 0.00261271 -1.69267 0.00455759 -0.00256844 0.999986 92.1342
0.999951 0.00867782 -0.00476328 -0.537426 -0.00866731 0.99996 0.00222188 -1.71677 0.00478237 -0.00218048 0.999986 93.4972
0.999945 0.00924912 -0.00485565 -0.554612 -0.00924139 0.999956 0.00161236 -1.74118 0.00487035 -0.0015674 0.999987 94.8703
0.999961 0.00741034 -0.00488877 -0.578979 -0.00740368 0.999972 0.00137937 -1.75221 0.00489885 -0.00134312 0.999987 96.1715
0.999955 0.00823116 -0.00472631 -0.596477 -0.00822789 0.999966 0.000710476 -1.77986 0.004732 -0.000671557 0.999989 97.5354
0.999945 0.0095229 -0.00450366 -0.608049 -0.00951791 0.999954 0.0011281 -1.80682 0.0045142 -0.00108517 0.999989 98.8896
0.99994 0.00998076 -0.00442394 -0.628615 -0.00997024 0.999947 0.00239519 -1.82314 0.00444761 -0.00235094 0.999987 100.204
0.999928 0.011193 -0.00429077 -0.644638 -0.0111772 0.999931 0.00368642 -1.84427 0.00433174 -0.00363819 0.999984 101.554
0.999938 0.0102899 -0.00423669 -0.659509 -0.0102796 0.999944 0.00245353 -1.87373 0.0042617 -0.00240983 0.999988 102.912
0.999934 0.0108017 -0.00381846 -0.686262 -0.0108012 0.999942 0.000150081 -1.91703 0.00381986 -0.000108828 0.999993 104.386
0.999943 0.00993937 -0.00397742 -0.700755 -0.00994303 0.99995 -0.000901898 -1.94277 0.00396826 0.000941394 0.999992 105.737
0.999963 0.00775146 -0.00376679 -0.7125 -0.00775072 0.99997 0.000210007 -1.96741 0.00376831 -0.000180804 0.999993 107.085
0.99998 0.00548153 -0.00318122 -0.710479 -0.00547491 0.999983 0.00208572 -1.98799 0.0031926 -0.00206826 0.999993 108.366
0.99999 0.0038724 -0.00230956 -0.720372 -0.00386617 0.999989 0.00269838 -2.01243 0.00231998 -0.00268942 0.999994 109.71
0.999994 0.0030748 -0.00164607 -0.728845 -0.00307271 0.999994 0.00126826 -2.03278 0.00164996 -0.0012632 0.999998 111.065
0.999981 0.006052 -0.000811854 -0.738209 -0.00605306 0.999981 -0.00130666 -2.05658 0.00080393 0.00131155 0.999999 112.369
0.999967 0.00816137 0.00035026 -0.746041 -0.00816008 0.99996 -0.00353049 -2.08085 -0.000379059 0.00352752 0.999994 113.706
0.999936 0.0112197 0.00173586 -0.755487 -0.0112137 0.999931 -0.00345608 -2.10682 -0.00177452 0.0034364 0.999993 115.045
0.999918 0.0123067 0.00341635 -0.763178 -0.0123031 0.999924 -0.00105303 -2.15439 -0.00342905 0.00101091 0.999994 116.254
0.999914 0.0123325 0.00447136 -0.766756 -0.0123381 0.999923 0.0012279 -2.17885 -0.00445588 -0.00128297 0.999989 117.596
0.999918 0.0116593 0.00524907 -0.762627 -0.0116682 0.999931 0.00165455 -2.19964 -0.00522942 -0.00171566 0.999985 118.94
0.999897 0.0128378 0.00639142 -0.760282 -0.0128435 0.999917 0.000846533 -2.21709 -0.00638002 -0.000928534 0.999979 120.257
0.999866 0.0145482 0.0075463 -0.760662 -0.0145514 0.999894 0.000371327 -2.23997 -0.0075401 -0.000481086 0.999971 121.612
0.99982 0.0167375 0.00889161 -0.762757 -0.0167371 0.99986 -0.000126205 -2.26269 -0.00889247 -2.26375e-05 0.99996 122.942
0.999788 0.0180016 0.0100112 -0.776656 -0.0179919 0.999838 -0.0010565 -2.29425 -0.0100286 0.000876158 0.999949 124.237
0.99976 0.0189215 0.0110352 -0.775433 -0.0189031 0.99982 -0.00177504 -2.31853 -0.0110668 0.00156602 0.999938 125.585
0.999762 0.0181679 0.0121139 -0.769509 -0.0181458 0.999833 -0.00192838 -2.34656 -0.0121469 0.0017081 0.999925 126.932
0.999764 0.0175302 0.0128073 -0.746103 -0.0175202 0.999846 -0.000892567 -2.36778 -0.012821 0.00066797 0.999918 128.286
0.999776 0.0160696 0.0137909 -0.738432 -0.0160705 0.999871 -5.09312e-05 -2.38911 -0.01379 -0.000170707 0.999905 129.641
0.999786 0.0152563 0.0139614 -0.725828 -0.0152624 0.999883 0.000329644 -2.41819 -0.0139547 -0.000542657 0.999902 130.999
0.999818 0.0130295 0.0139392 -0.707106 -0.0130387 0.999915 0.000566366 -2.44176 -0.0139307 -0.000748012 0.999903 132.329
0.999844 0.0113686 0.0135475 -0.689971 -0.0113867 0.999934 0.00126036 -2.46365 -0.0135323 -0.00141443 0.999907 133.678
0.999867 0.00981607 0.0130119 -0.680282 -0.00982859 0.999951 0.000898826 -2.4868 -0.0130024 -0.0010266 0.999915 135.022
0.999893 0.00876732 0.0117515 -0.656526 -0.00877843 0.999961 0.000894032 -2.52023 -0.0117432 -0.000997096 0.999931 136.293
0.999918 0.0072189 0.0106042 -0.644918 -0.00723906 0.999972 0.0018632 -2.54326 -0.0105905 -0.00193981 0.999942 137.646
0.999939 0.00576745 0.00942077 -0.632494 -0.00578594 0.999981 0.00193654 -2.56319 -0.00940943 -0.00199093 0.999954 138.999
0.999951 0.00503053 0.00856447 -0.648797 -0.00504806 0.999985 0.00202692 -2.57998 -0.00855414 -0.00207005 0.999961 140.341
0.999962 0.0046648 0.00741597 -0.646522 -0.00467574 0.999988 0.00145929 -2.60207 -0.00740907 -0.00149391 0.999971 141.687
0.999969 0.00455458 0.00649526 -0.646618 -0.00456237 0.999989 0.00118464 -2.62878 -0.00648979 -0.00121424 0.999978 143.038
0.999981 0.00276712 0.00555299 -0.645593 -0.00275908 0.999995 -0.00145493 -2.64905 -0.00555699 0.00143958 0.999984 144.368
0.999986 -0.00263932 0.00452972 -0.641764 0.00264765 0.999995 -0.00183592 -2.67429 -0.00452485 0.00184789 0.999988 145.712
0.99994 -0.0103547 0.00359805 -0.638881 0.0103529 0.999946 0.000511141 -2.69869 -0.00360315 -0.00047386 0.999993 147.073
0.999839 -0.0178696 0.00143143 -0.617544 0.017867 0.999839 0.00181541 -2.71967 -0.00146364 -0.00178955 0.999997 148.421
0.999777 -0.0211119 0.000387356 -0.614364 0.0211125 0.999776 -0.00161392 -2.74358 -0.000353196 0.00162174 0.999999 149.762
0.999787 -0.0206131 0.000723829 -0.617945 0.0206162 0.999777 -0.00460786 -2.77322 -0.000628685 0.0046218 0.999989 151.118
0.999834 -0.0181717 0.00133431 -0.618495 0.0181804 0.999812 -0.00678819 -2.79014 -0.00121071 0.00681132 0.999976 152.451
0.999834 -0.0181214 0.00200338 -0.620686 0.0181348 0.999812 -0.0068998 -2.82082 -0.00187796 0.00693498 0.999974 153.81
0.999764 -0.0215611 0.00265856 -0.623572 0.02157 0.999762 -0.00337454 -2.8526 -0.00258517 0.00343108 0.999991 155.168
0.999657 -0.0260075 0.00321342 -0.615006 0.0260098 0.999661 -0.000686949 -2.89179 -0.00319447 0.000770294 0.999995 156.481
0.999549 -0.0298503 0.00317633 -0.606404 0.0298484 0.999554 0.000634751 -2.91564 -0.00319386 -0.000539656 0.999995 157.834
0.999503 -0.0313515 0.00314095 -0.601695 0.0313502 0.999508 0.000442783 -2.93909 -0.00315329 -0.000344094 0.999995 159.196
0.999568 -0.0290513 0.00439727 -0.603455 0.0290463 0.999577 0.00118897 -2.97238 -0.00442995 -0.00106073 0.99999 160.574
0.99967 -0.0250821 0.00549724 -0.606104 0.0250807 0.999685 0.000327343 -2.99525 -0.00550372 -0.000189361 0.999985 161.931
0.999749 -0.0214696 0.00634174 -0.606793 0.0214826 0.999767 -0.00197799 -3.01576 -0.0062978 0.00211373 0.999978 163.296
0.99981 -0.0182606 0.00676105 -0.599339 0.0182788 0.999829 -0.00263092 -3.04257 -0.00671185 0.002754 0.999974 164.658
0.999841 -0.0163743 0.00699947 -0.594055 0.0163848 0.999865 -0.00145138 -3.06688 -0.00697475 0.00156583 0.999974 166.034
0.999874 -0.0144017 0.00672916 -0.592172 0.0144141 0.999894 -0.00180237 -3.09912 -0.00670249 0.00189913 0.999976 167.405
0.999898 -0.0127895 0.00639099 -0.596554 0.0128171 0.999909 -0.0043082 -3.11653 -0.0063353 0.00438967 0.99997 168.733
0.999944 -0.00884455 0.00586149 -0.598726 0.00888676 0.999934 -0.00721471 -3.14468 -0.0057973 0.00726639 0.999957 170.101
0.999978 -0.0035574 0.00562986 -0.605967 0.00360555 0.999957 -0.00856616 -3.17807 -0.00559915 0.00858627 0.999947 171.495
0.999982 0.000744309 0.00603293 -0.59072 -0.000702212 0.999975 -0.00697712 -3.21921 -0.00603797 0.00697275 0.999957 172.814
0.999971 0.00371619 0.00662444 -0.59292 -0.00368243 0.99998 -0.00510096 -3.2503 -0.00664326 0.00507642 0.999965 174.197
0.999967 0.00461642 0.00661109 -0.590602 -0.00459696 0.999985 -0.00295573 -3.27774 -0.00662464 0.00292525 0.999974 175.585
0.99998 0.00157777 0.00613162 -0.580117 -0.00156553 0.999997 -0.00200088 -3.29938 -0.00613476 0.00199124 0.999979 176.919
0.99999 -0.000432559 0.00444224 -0.578183 0.00044081 0.999998 -0.00185667 -3.32638 -0.00444142 0.00185861 0.999988 178.3
0.999997 -0.000760869 0.00243577 -0.579375 0.00077563 0.999981 -0.00606503 -3.35662 -0.00243111 0.0060669 0.999979 179.678
0.999999 0.000878049 0.000877553 -0.584365 -0.000869005 0.999947 -0.0102527 -3.39104 -0.000886509 0.0102519 0.999947 180.938
0.999983 0.00589413 0.000308527 -0.600319 -0.00589041 0.999923 -0.0109148 -3.42519 -0.000372836 0.0109128 0.99994 182.341
0.999958 0.00913408 -1.16822e-05 -0.606107 -0.00913376 0.99991 -0.00982739 -3.46767 -7.80831e-05 0.00982709 0.999952 183.747
0.999938 0.0111256 0.000382387 -0.616395 -0.0111229 0.999918 -0.00633455 -3.50262 -0.000452831 0.00632991 0.99998 185.149
0.999931 0.0117052 0.000669064 -0.621236 -0.0117023 0.999922 -0.00426664 -3.53374 -0.000718954 0.00425852 0.999991 186.555
0.999936 0.0112897 0.000722232 -0.629611 -0.011287 0.99993 -0.00356896 -3.55809 -0.000762474 0.00356058 0.999993 187.972
0.999953 0.00968677 0.000822785 -0.639128 -0.00968442 0.999949 -0.00281206 -3.59612 -0.000849983 0.00280396 0.999996 189.47
0.999973 0.0072483 0.000854766 -0.640684 -0.0072462 0.999971 -0.00242982 -3.61762 -0.000872353 0.00242356 0.999997 190.9
0.999988 0.00466731 0.00121304 -0.648248 -0.00466425 0.999986 -0.00251678 -3.64369 -0.00122477 0.00251109 0.999996 192.332
0.999999 0.00101658 0.00139045 -0.641008 -0.00101463 0.999998 -0.00140519 -3.66892 -0.00139187 0.00140378 0.999998 193.786
0.999993 -0.00324839 0.00187663 -0.642346 0.00324831 0.999995 4.84677e-05 -3.69095 -0.00187677 -4.23715e-05 0.999998 195.218
0.99998 -0.00591354 0.0021932 -0.639417 0.00591361 0.999983 -2.6594e-05 -3.71855 -0.00219301 3.95632e-05 0.999998 196.637
0.999991 -0.00379977 0.00211303 -0.620944 0.00380903 0.999983 -0.00439447 -3.74848 -0.00209629 0.00440247 0.999988 197.995
0.999991 0.00347194 0.00256221 -0.632692 -0.00344741 0.999949 -0.00951538 -3.77535 -0.00259512 0.00950645 0.999951 199.431
0.999912 0.0126882 0.00391281 -0.651971 -0.0126507 0.999875 -0.00945249 -3.81656 -0.00403225 0.00940216 0.999948 200.877
0.999783 0.0202369 0.00500893 -0.675911 -0.020208 0.999779 -0.00576591 -3.84559 -0.00512451 0.00566343 0.999971 202.319
0.999755 0.021366 0.00580758 -0.680744 -0.0213447 0.999765 -0.00370977 -3.87235 -0.00588548 0.0035849 0.999976 203.781
0.999792 0.0196524 0.00536378 -0.678486 -0.0196345 0.999802 -0.00336846 -3.89522 -0.00542892 0.00326245 0.99998 205.241
0.999866 0.0158744 0.00410342 -0.677417 -0.0158617 0.999869 -0.00309637 -3.9442 -0.00415204 0.00303087 0.999987 206.735
0.999897 0.013998 0.00323463 -0.680344 -0.0139862 0.999896 -0.00364501 -3.97508 -0.00328532 0.0035994 0.999988 208.194
0.999896 0.0141949 0.0025203 -0.678551 -0.0141841 0.99989 -0.00427593 -3.99957 -0.00258072 0.00423974 0.999988 209.663
0.999878 0.0154912 0.00220002 -0.683186 -0.0154822 0.999872 -0.00403492 -4.02394 -0.00226224 0.00400037 0.999989 211.126
0.999856 0.0168542 0.00219911 -0.694358 -0.016847 0.999853 -0.00325306 -4.05141 -0.00225361 0.00321554 0.999992 212.611
0.999863 0.0163933 0.00206986 -0.710188 -0.0163855 0.999859 -0.00374971 -4.08413 -0.00213104 0.00371529 0.999991 214.08
0.999856 0.0168646 0.00170157 -0.702399 -0.0168564 0.999847 -0.00470316 -4.11689 -0.00178063 0.0046738 0.999987 215.523
0.999868 0.0161651 0.00152135 -0.712074 -0.0161572 0.999857 -0.00506122 -4.14602 -0.00160294 0.00503597 0.999986 217.008
0.999856 0.016915 0.0012882 -0.731094 -0.0169079 0.999843 -0.00535192 -4.17548 -0.00137852 0.00532937 0.999985 218.502
0.999859 0.0167955 0.000544608 -0.711143 -0.0167923 0.999845 -0.00536775 -4.21518 -0.000634678 0.00535784 0.999985 219.927
0.999857 0.016889 0.000363872 -0.720101 -0.0168867 0.999842 -0.00561227 -4.24575 -0.0004586 0.00560533 0.999984 221.417
0.999837 0.0180277 5.65481e-05 -0.732339 -0.018027 0.999821 -0.00578691 -4.28344 -0.000160862 0.00578495 0.999983 222.912
0.999843 0.0176943 -0.000422945 -0.735338 -0.0176965 0.999824 -0.00617467 -4.30583 0.000313614 0.00618118 0.999981 224.362
0.999835 0.0181525 -0.000720702 -0.745062 -0.0181566 0.999817 -0.00604722 -4.34221 0.000610798 0.00605931 0.999981 225.864
0.999847 0.0174901 -0.000845949 -0.752384 -0.017495 0.999828 -0.00616989 -4.37347 0.000737892 0.00618374 0.999981 227.361
0.999877 0.0156447 -0.000530425 -0.780598 -0.0156477 0.999857 -0.00637461 -4.39667 0.00043062 0.00638213 0.99998 228.973
0.999894 0.0145253 -0.000422411 -0.793645 -0.0145276 0.999876 -0.00614969 -4.43034 0.000333033 0.00615518 0.999981 230.492
0.999913 0.0131554 -0.00035484 -0.796076 -0.0131571 0.9999 -0.00526963 -4.46917 0.00028548 0.00527384 0.999986 232.017
0.99991 0.0134423 -0.00043098 -0.794535 -0.0134443 0.999897 -0.00493781 -4.5079 0.000364561 0.00494316 0.999988 233.498
0.999906 0.0137302 -0.000420636 -0.801743 -0.0137322 0.999892 -0.00518863 -4.54249 0.00034935 0.00519392 0.999986 235.012
0.999893 0.0145958 0.000187114 -0.828375 -0.0145944 0.999876 -0.00594191 -4.57688 -0.000273818 0.00593855 0.999982 236.543
0.999879 0.0155544 0.000212887 -0.829326 -0.0155531 0.999865 -0.00524661 -4.61079 -0.000294466 0.00524266 0.999986 238.048
0.999872 0.0159919 0.00103734 -0.839724 -0.0159886 0.999867 -0.00312687 -4.64454 -0.0010872 0.00310989 0.999995 239.57
0.999874 0.0157696 0.00157767 -0.85028 -0.0157651 0.999872 -0.00280343 -4.67195 -0.00162168 0.00277821 0.999995 241.107
0.999867 0.0161736 0.00198712 -0.860934 -0.016165 0.99986 -0.00426152 -4.69974 -0.00205576 0.00422883 0.999989 242.686
0.999865 0.0162401 0.0024167 -0.864887 -0.0162266 0.999853 -0.00550229 -4.73292 -0.00250571 0.00546234 0.999982 244.207
0.999851 0.0170606 0.00267175 -0.866886 -0.0170473 0.999843 -0.00491593 -4.77071 -0.0027552 0.00486965 0.999984 245.745
0.999849 0.0171025 0.00315177 -0.870241 -0.0170897 0.999846 -0.00401827 -4.79896 -0.00322 0.0039638 0.999987 247.248
0.999844 0.0174345 0.00280576 -0.870983 -0.0174247 0.999842 -0.00348747 -4.83202 -0.00286612 0.00343804 0.99999 248.779
0.999842 0.0175633 0.00261499 -0.884202 -0.0175539 0.99984 -0.00357752 -4.8623 -0.00267741 0.00353106 0.99999 250.34
0.999826 0.0183968 0.00293905 -0.894808 -0.0183872 0.999826 -0.00325461 -4.89031 -0.00299841 0.00320001 0.99999 251.83
0.999799 0.0198113 0.00301404 -0.899208 -0.0198005 0.999798 -0.00358441 -4.91548 -0.00308444 0.00352401 0.999989 253.381
0.999802 0.0197347 0.00270631 -0.899661 -0.0197264 0.999801 -0.00307121 -4.95163 -0.00276638 0.00301722 0.999992 254.934
0.999803 0.0196393 0.0029919 -0.909722 -0.0196302 0.999803 -0.00301848 -4.98711 -0.00305059 0.00295915 0.999991 256.508
0.99984 0.0176407 0.00285803 -0.911944 -0.017634 0.999842 -0.00234692 -5.01542 -0.00289898 0.00229614 0.999993 258.074
0.999879 0.0152879 0.00292981 -0.913537 -0.0152831 0.999882 -0.00165911 -5.04518 -0.00295483 0.00161413 0.999994 259.637
0.999906 0.0135118 0.00220293 -0.886721 -0.0135068 0.999906 -0.00231045 -5.07602 -0.00223395 0.00228048 0.999995 261.086
0.999921 0.012415 0.00179629 -0.882434 -0.0124088 0.999917 -0.0034228 -5.10157 -0.00183863 0.00340024 0.999993 262.641
0.999943 0.0103971 0.00244469 -0.886827 -0.0103933 0.999945 -0.00152713 -5.13645 -0.00246043 0.00150163 0.999996 264.213
0.999971 0.00695632 0.00300136 -0.911359 -0.00695769 0.999976 0.000446522 -5.15616 -0.00299818 -0.000467392 0.999995 265.654
0.999978 0.00592591 0.00301314 -0.911602 -0.00592495 0.999982 -0.000328589 -5.18193 -0.00301503 0.000310729 0.999995 267.202
0.99998 0.00541512 0.00340852 -0.909168 -0.00541064 0.999984 -0.00132411 -5.21004 -0.00341564 0.00130564 0.999993 268.748
0.999971 0.00635782 0.00414735 -0.915792 -0.0063507 0.999978 -0.00172953 -5.23663 -0.00415826 0.00170314 0.99999 270.151
0.999953 0.00824363 0.00515809 -0.920907 -0.00823468 0.999965 -0.00175481 -5.26545 -0.00517238 0.00171225 0.999985 271.708
0.999931 0.0099351 0.0062892 -0.923532 -0.00992249 0.999949 -0.00203245 -5.29748 -0.00630907 0.00196991 0.999978 273.254
0.999912 0.011271 0.00698151 -0.911879 -0.0112556 0.999934 -0.00224156 -5.32417 -0.00700632 0.00216278 0.999973 274.735
0.999896 0.0120729 0.00787603 -0.908619 -0.0120542 0.999924 -0.00241957 -5.35696 -0.00790465 0.00232438 0.999966 276.302
0.999885 0.0124662 0.00862777 -0.90538 -0.0124393 0.999918 -0.00315788 -5.3899 -0.00866643 0.0030502 0.999958 277.858
0.999881 0.0123787 0.00918057 -0.880445 -0.012346 0.999917 -0.00360783 -5.43698 -0.00922447 0.00349406 0.999951 279.557
0.999883 0.0115236 0.0101019 -0.873325 -0.0114915 0.999929 -0.00322243 -5.46936 -0.0101383 0.00310597 0.999944 281.117
0.999886 0.0106145 0.0107423 -0.865695 -0.0105913 0.999941 -0.00220794 -5.50161 -0.0107651 0.00209391 0.99994 282.684
0.999894 0.00922159 0.0112252 -0.858909 -0.00920105 0.999956 -0.00187982 -5.52856 -0.011242 0.00177633 0.999935 284.163
0.999899 0.00878472 0.0111652 -0.848682 -0.00873659 0.999952 -0.00435214 -5.55985 -0.0112029 0.00425416 0.999928 285.715
0.99991 0.00772672 0.0109828 -0.842902 -0.00765499 0.999949 -0.00655841 -5.59273 -0.0110329 0.00647374 0.999918 287.277
0.999914 0.00808261 0.0102835 -0.839474 -0.00801438 0.999946 -0.00665882 -5.62593 -0.0103367 0.00657583 0.999925 288.86
0.999934 0.00656478 0.00944634 -0.832715 -0.00650253 0.999957 -0.00660568 -5.66134 -0.0094893 0.00654382 0.999934 290.425
0.999942 0.00655186 0.00851409 -0.826614 -0.00649088 0.999953 -0.00716956 -5.69789 -0.00856066 0.00711388 0.999938 291.992
0.999949 0.00642119 0.00781605 -0.815865 -0.00636246 0.999952 -0.00751563 -5.73803 -0.00786393 0.00746552 0.999941 293.476
0.999956 0.00616749 0.00709052 -0.807132 -0.00611817 0.999957 -0.00695638 -5.77406 -0.00713312 0.00691269 0.999951 295.042
0.999964 0.00584439 0.00613841 -0.806178 -0.00580194 0.999959 -0.00691114 -5.80917 -0.00617855 0.00687527 0.999957 296.644
0.999971 0.00567766 0.00513126 -0.786362 -0.00564957 0.999969 -0.00547226 -5.84669 -0.00516217 0.00544311 0.999972 298.237
0.999962 0.00744822 0.00451168 -0.7859 -0.00742944 0.999964 -0.00416585 -5.8791 -0.00454254 0.00413218 0.999981 299.84
0.999955 0.00793284 0.00526952 -0.785998 -0.00791104 0.99996 -0.00414572 -5.91305 -0.0053022 0.00410385 0.999978 301.446
0.999947 0.00818029 0.00620292 -0.791663 -0.00815408 0.999958 -0.00423898 -5.94811 -0.00623733 0.00418817 0.999972 303.009
0.999955 0.0069297 0.00654751 -0.787485 -0.00690028 0.999966 -0.00450624 -5.97846 -0.00657852 0.00446086 0.999968 304.621
0.999966 0.00486919 0.00669736 -0.778812 -0.00483276 0.999973 -0.00544555 -6.01252 -0.0067237 0.00541299 0.999963 306.234
0.999972 0.00318092 0.00677925 -0.774638 -0.00312881 0.999966 -0.00768293 -6.04383 -0.00680346 0.00766151 0.999948 307.784
0.999975 0.00281375 0.00650763 -0.765984 -0.00275691 0.999958 -0.00872659 -6.08146 -0.00653191 0.00870843 0.999941 309.401
0.999984 0.00367881 0.00437158 -0.768609 -0.00363598 0.999946 -0.00976483 -6.12129 -0.00440726 0.00974877 0.999943 311.024
0.999985 0.00471885 0.00266891 -0.789945 -0.00469495 0.999949 -0.0088916 -6.1589 -0.00271073 0.00887894 0.999957 312.429
0.99998 0.00590651 0.00236062 -0.798742 -0.00589327 0.999967 -0.00558094 -6.19766 -0.0023935 0.00556692 0.999982 314.062
0.999985 0.00462114 0.00292309 -0.80127 -0.00461339 0.999986 -0.00265204 -6.22651 -0.00293531 0.00263851 0.999992 315.695
0.999989 0.00374587 0.00292468 -0.785601 -0.0037399 0.999991 -0.00204312 -6.26307 -0.0029323 0.00203216 0.999994 317.458
0.999991 0.00280153 0.00319895 -0.786571 -0.00279087 0.999991 -0.00333197 -6.29296 -0.00320825 0.00332301 0.999989 319.091
0.999993 0.00185386 0.00336298 -0.781094 -0.00184189 0.999992 -0.00355955 -6.3186 -0.00336955 0.00355333 0.999988 320.736
0.999992 0.001703 0.00375216 -0.790773 -0.00169131 0.999994 -0.00311543 -6.35643 -0.00375744 0.00310905 0.999988 322.317
0.99999 0.00166958 0.00426149 -0.791132 -0.00165651 0.999994 -0.00306981 -6.39132 -0.00426659 0.00306272 0.999986 323.961
0.999984 0.00337113 0.00455755 -0.787896 -0.00335232 0.999986 -0.00412736 -6.4279 -0.00457139 0.00411202 0.999981 325.605
0.999976 0.00439409 0.00537829 -0.793495 -0.00436806 0.999979 -0.00484222 -6.4605 -0.00539946 0.00481861 0.999974 327.179
0.999975 0.00326115 0.00626252 -0.795157 -0.00324303 0.999991 -0.00290279 -6.49701 -0.00627193 0.00288241 0.999976 328.814
0.999976 0.00235378 0.00650163 -0.799596 -0.00234109 0.999995 -0.00195921 -6.53631 -0.00650621 0.00194395 0.999977 330.442
0.99998 0.00161751 0.00609928 -0.762295 -0.00159831 0.999994 -0.00315075 -6.57948 -0.00610434 0.00314094 0.999976 332.086
0.999977 0.00290745 0.0061307 -0.762224 -0.00288938 0.999991 -0.00295456 -6.61735 -0.00613924 0.00293677 0.999977 333.712
0.999971 0.00479684 0.00593413 -0.762849 -0.00476726 0.999976 -0.00498764 -6.65474 -0.00595791 0.0049592 0.99997 335.35
0.999964 0.00650491 0.00546705 -0.77697 -0.0064603 0.999946 -0.00813785 -6.6821 -0.00551969 0.00810223 0.999952 337.005
0.99996 0.00767591 0.0045385 -0.77479 -0.00764135 0.999942 -0.00758363 -6.72503 -0.00459644 0.00754865 0.999961 338.628
0.999957 0.0085234 0.00373066 -0.781742 -0.00850775 0.999955 -0.0041911 -6.75957 -0.00376621 0.00415918 0.999984 340.261
0.999948 0.00990019 0.00256434 -0.774273 -0.00989649 0.99995 -0.00145371 -6.79551 -0.0025786 0.00142826 0.999996 341.759
0.999946 0.0103016 0.00137465 -0.786706 -0.0102979 0.999944 -0.00261524 -6.83024 -0.00140152 0.00260094 0.999996 343.364
0.999954 0.0095501 -0.000491203 -0.792152 -0.00955199 0.999946 -0.00401246 -6.86736 0.000452857 0.00401697 0.999992 344.966
0.999963 0.00826842 -0.0021662 -0.810795 -0.00827447 0.999962 -0.00279465 -6.90246 0.00214301 0.00281247 0.999994 346.668
0.999973 0.00670789 -0.0030533 -0.821195 -0.00671478 0.999975 -0.00225111 -6.93755 0.00303813 0.00227155 0.999993 348.269
0.999973 0.00654403 -0.00339627 -0.835205 -0.00655476 0.999974 -0.0031558 -6.96847 0.00337552 0.00317797 0.999989 349.869
0.999968 0.00701094 -0.00390725 -0.826099 -0.00702555 0.999968 -0.00373883 -7.02525 0.00388091 0.00376616 0.999985 351.43
0.999969 0.00670403 -0.00403914 -0.838611 -0.00671969 0.99997 -0.00387563 -7.05979 0.00401303 0.00390265 0.999984 353.037
0.999973 0.00611046 -0.00405336 -0.84542 -0.00612674 0.999973 -0.00401514 -7.09495 0.00402871 0.00403987 0.999984 354.642
0.999975 0.00558876 -0.00424082 -0.884645 -0.00560898 0.999973 -0.00477144 -7.13261 0.00421404 0.00479511 0.99998 356.281
0.999977 0.00520058 -0.00441005 -0.899818 -0.00522419 0.999972 -0.00535833 -7.16955 0.00438206 0.00538124 0.999976 357.877
0.99998 0.00469925 -0.00421267 -0.918362 -0.00472047 0.999976 -0.00504207 -7.21051 0.00418888 0.00506186 0.999978 359.48
0.999982 0.00434301 -0.00420453 -0.942611 -0.00436807 0.999973 -0.00597001 -7.24418 0.00417849 0.00598826 0.999973 361.19
0.999987 0.00283915 -0.0041577 -0.957691 -0.00286974 0.999969 -0.00736923 -7.28009 0.00413665 0.00738107 0.999964 362.785
0.999991 0.00124235 -0.00416318 -0.969382 -0.00126553 0.999984 -0.00556919 -7.31475 0.0041562 0.00557441 0.999976 364.402
0.999991 -0.00102599 -0.00412992 -0.995474 0.00100675 0.999989 -0.00465908 -7.34283 0.00413465 0.00465488 0.999981 365.662
0.999991 -0.00143119 -0.00393908 -1.01028 0.0014089 0.999983 -0.00565575 -7.37766 0.00394711 0.00565015 0.999976 367.268
0.999993 -4.51073e-05 -0.00363474 -1.03068 2.18646e-05 0.99998 -0.00639437 -7.41089 0.00363496 0.00639425 0.999973 368.859
0.999993 0.00182229 -0.00320103 -1.02138 -0.00183979 0.999983 -0.00547335 -7.4561 0.003191 0.0054792 0.99998 370.279
0.999991 0.00343562 -0.00251338 -1.04201 -0.00344737 0.999983 -0.0046847 -7.48856 0.00249725 0.00469332 0.999986 371.882
0.999994 0.00276799 -0.00221374 -1.05959 -0.00277831 0.999985 -0.0046696 -7.53037 0.00220078 0.00467572 0.999987 373.483
0.999994 0.0025845 -0.00226639 -1.04383 -0.00259669 0.999982 -0.00539295 -7.56926 0.00225241 0.0053988 0.999983 375.244
0.999995 0.00264917 -0.00192417 -1.0597 -0.00265984 0.999981 -0.00556447 -7.60331 0.00190939 0.00556956 0.999983 376.862
0.999994 0.00305747 -0.00172582 -1.06736 -0.00306756 0.999978 -0.00587934 -7.63396 0.00170781 0.0058846 0.999981 378.479
0.999985 0.00537904 -0.00136878 -1.08688 -0.00538706 0.999968 -0.0059223 -7.67653 0.00133688 0.00592958 0.999982 380.116
0.999976 0.00685774 -0.000959977 -1.10445 -0.00686295 0.999961 -0.00553906 -7.70613 0.000921954 0.00554552 0.999984 381.745
0.999966 0.00828135 -0.00057422 -1.11826 -0.00828472 0.999947 -0.00613356 -7.74605 0.000523396 0.00613811 0.999981 383.371
0.999968 0.00790503 -0.000829142 -1.11103 -0.00791038 0.999946 -0.00666964 -7.78345 0.000776373 0.00667599 0.999977 384.957
0.999965 0.0083334 -0.000502939 -1.12174 -0.00833647 0.999944 -0.00644939 -7.82499 0.000449166 0.00645335 0.999979 386.585
0.999956 0.0093593 -0.000287059 -1.13121 -0.00936075 0.999941 -0.00553942 -7.85942 0.000235197 0.00554186 0.999985 388.215
0.999946 0.0103925 -5.34726e-05 -1.13963 -0.0103926 0.999931 -0.00540808 -7.89465 -2.73452e-06 0.00540834 0.999985 389.821
0.999935 0.011439 0.000279081 -1.1495 -0.0114372 0.999917 -0.00590199 -7.92963 -0.000346571 0.00589842 0.999983 391.456
